MeterID,ServiceLocationID,ESIID,ReadingDate,ReadingTime,kWh,rxKWh,KVARHImprt,KVARhExprt,kWhImprtRateA,kWhImprtRateB,kWhExprtRateA,kWhExprtRateB,kVARhImprtRateA,kVARhImprtRateB,kVARhExprtRateA,kVARhExprtRateB,kVARhTotalRateA,kVARhTotalRateB,ExprtkVARhTotalRateA,ExprtkVARhTotalRateB
1182798,,,08/01/2018,12:00:00AM,6796.000,0.000,,,3404.571,3392.255,0.074,0.000,626.000,628.000,0.000,0.000,,,,
1182799,,,08/01/2018,12:00:00AM,386.000,0.000,,,196.511,189.798,0.074,0.000,53.000,53.000,0.000,0.000,,,,
1182800,,,08/01/2018,12:00:00AM,1451.000,0.000,,,677.644,773.886,0.074,0.000,22.000,13.000,79.000,71.000,,,,
1182801,,,08/01/2018,12:00:00AM,876.000,0.000,,,568.699,308.019,0.074,0.000,135.000,120.000,12.000,6.000,,,,
1182802,,,08/01/2018,12:00:00AM,1409.000,0.000,,,426.653,982.665,0.074,0.000,35.000,76.000,31.000,41.000,,,,
1182803,,,08/01/2018,12:00:00AM,1051.000,0.000,,,414.533,636.701,0.074,0.000,147.000,186.000,36.000,40.000,,,,
1182804,,,08/01/2018,12:00:00AM,3059.000,0.000,,,1627.334,1432.412,0.074,0.000,48.000,44.000,84.000,75.000,,,,
1182805,,,08/01/2018,12:00:00AM,1950.000,0.000,,,976.595,973.715,0.074,0.000,21.000,16.000,264.000,317.000,,,,
1182806,,,08/01/2018,12:00:00AM,941.000,0.000,,,394.631,547.059,0.074,0.000,61.000,52.000,30.000,82.000,,,,
1182807,,,08/01/2018,12:00:00AM,538.000,0.000,,,272.970,265.706,0.074,0.000,0.000,0.000,14.000,10.000,,,,
1182808,,,08/01/2018,12:00:00AM,6.000,0.000,,,6.436,0.017,0.074,0.000,8.000,8.000,0.000,0.000,,,,
1182809,,,08/01/2018,12:00:00AM,1886.000,0.000,,,777.759,1108.473,0.074,0.000,284.000,273.000,29.000,59.000,,,,
1182810,,,08/01/2018,12:00:00AM,1744.000,0.000,,,872.168,872.238,0.074,0.000,115.000,94.000,20.000,22.000,,,,
1182811,,,08/01/2018,12:00:00AM,530.000,0.000,,,286.336,244.518,0.074,0.000,48.000,54.000,4.000,3.000,,,,
1182812,,,08/01/2018,12:00:00AM,1779.000,0.000,,,940.828,838.427,0.074,0.000,30.000,23.000,28.000,30.000,,,,
1182813,,,08/01/2018,12:00:00AM,791.000,0.000,,,209.735,581.738,0.074,0.000,108.000,270.000,0.000,0.000,,,,
1182814,,,08/01/2018,12:00:00AM,976.000,0.000,,,310.418,666.158,0.074,0.000,95.000,152.000,14.000,13.000,,,,
1182815,,,08/01/2018,12:00:00AM,1941.000,0.000,,,776.212,1165.556,0.074,0.000,102.000,67.000,41.000,59.000,,,,
1182816,,,08/01/2018,12:00:00AM,1340.000,0.000,,,520.430,819.943,0.074,0.000,91.000,88.000,44.000,43.000,,,,
1182817,,,08/01/2018,12:00:00AM,788.000,0.000,,,232.636,556.122,0.074,0.000,10.000,27.000,33.000,22.000,,,,
1182818,,,08/01/2018,12:00:00AM,1068.000,0.000,,,239.665,828.699,0.074,0.000,168.000,242.000,5.000,6.000,,,,
1182819,,,08/01/2018,12:00:00AM,869.000,0.000,,,336.413,533.080,0.074,0.000,49.000,30.000,10.000,33.000,,,,
1182820,,,08/01/2018,12:00:00AM,562.000,0.000,,,287.350,275.153,0.074,0.000,182.000,175.000,1.000,1.000,,,,
1182821,,,08/01/2018,12:00:00AM,1532.000,0.000,,,835.636,696.573,0.074,0.000,54.000,9.000,154.000,213.000,,,,
1182822,,,08/01/2018,12:00:00AM,844.000,0.000,,,388.341,456.099,0.074,0.000,30.000,9.000,40.000,45.000,,,,
1182823,,,08/01/2018,12:00:00AM,721.000,0.000,,,328.593,392.863,0.074,0.000,132.000,119.000,16.000,20.000,,,,
1182824,,,08/01/2018,12:00:00AM,900.000,0.000,,,515.380,385.333,0.074,0.000,178.000,183.000,3.000,4.000,,,,
1182825,,,08/01/2018,12:00:00AM,1957.000,0.000,,,1074.202,883.326,0.074,0.000,75.000,108.000,12.000,2.000,,,,
1182826,,,08/01/2018,12:00:00AM,480.000,0.000,,,305.433,175.276,0.074,0.000,65.000,27.000,15.000,19.000,,,,
1182827,,,08/01/2018,12:00:00AM,1800.000,0.000,,,1016.372,784.560,0.074,0.000,273.000,230.000,1.000,0.000,,,,
1182828,,,08/01/2018,12:00:00AM,1412.000,0.000,,,472.647,939.383,0.074,0.000,181.000,130.000,10.000,54.000,,,,
1182829,,,08/01/2018,12:00:00AM,1538.000,0.000,,,711.284,827.291,0.074,0.000,107.000,219.000,40.000,32.000,,,,
1182830,,,08/01/2018,12:00:00AM,1656.000,0.000,,,828.240,828.659,0.074,0.000,49.000,56.000,72.000,47.000,,,,
1182831,,,08/01/2018,12:00:00AM,841.000,0.000,,,464.456,377.036,0.074,0.000,20.000,27.000,13.000,3.000,,,,
1182832,,,08/01/2018,12:00:00AM,776.000,0.000,,,352.287,423.737,0.074,0.000,4.000,1.000,180.000,189.000,,,,
1182833,,,08/01/2018,12:00:00AM,848.000,0.000,,,382.194,466.700,0.074,0.000,66.000,69.000,12.000,8.000,,,,
1182838,,,08/01/2018,12:00:00AM,367.000,0.000,,,198.551,168.809,0.074,0.000,37.000,30.000,6.000,6.000,,,,
1182839,,,08/01/2018,12:00:00AM,1787.000,0.000,,,774.702,1013.017,0.074,0.000,225.000,277.000,19.000,15.000,,,,
1182840,,,08/01/2018,12:00:00AM,851.000,0.000,,,469.616,382.262,0.074,0.000,10.000,4.000,45.000,47.000,,,,
1182841,,,08/01/2018,12:00:00AM,538.000,0.000,,,319.051,219.658,0.074,0.000,8.000,6.000,25.000,17.000,,,,
1182846,,,08/01/2018,12:00:00AM,750.000,0.000,,,259.211,491.626,0.074,0.000,21.000,38.000,18.000,24.000,,,,
1182847,,,08/01/2018,12:00:00AM,1377.000,0.000,,,557.270,820.228,0.074,0.000,34.000,22.000,81.000,143.000,,,,
1182849,,,08/01/2018,12:00:00AM,854.000,0.000,,,457.241,397.483,0.074,0.000,46.000,64.000,14.000,10.000,,,,
1182850,,,08/01/2018,12:00:00AM,1545.000,0.000,,,619.462,925.950,0.074,0.000,117.000,225.000,5.000,5.000,,,,
1182852,,,08/01/2018,12:00:00AM,1296.000,0.000,,,586.104,710.403,0.074,0.000,60.000,83.000,118.000,101.000,,,,
1182860,,,08/01/2018,12:00:00AM,747.000,0.000,,,273.627,473.561,0.074,0.000,149.000,179.000,10.000,13.000,,,,
1182862,,,08/01/2018,12:00:00AM,1038.000,0.000,,,506.979,531.938,0.074,0.000,123.000,147.000,44.000,37.000,,,,
1182863,,,08/01/2018,12:00:00AM,426.000,0.000,,,303.756,122.991,0.074,0.000,49.000,49.000,6.000,1.000,,,,
1182867,,,08/01/2018,12:00:00AM,584.000,0.000,,,259.272,325.681,0.074,0.000,14.000,14.000,52.000,67.000,,,,
1182869,,,08/01/2018,12:00:00AM,555.000,0.000,,,326.616,228.576,0.074,0.000,11.000,13.000,65.000,57.000,,,,
1182870,,,08/01/2018,12:00:00AM,2053.000,0.000,,,823.915,1229.873,0.074,0.000,98.000,139.000,79.000,75.000,,,,
1182871,,,08/01/2018,12:00:00AM,393.000,0.000,,,256.294,136.922,0.074,0.000,37.000,46.000,13.000,6.000,,,,
1182872,,,08/01/2018,12:00:00AM,1510.000,0.000,,,723.005,787.323,0.074,0.000,75.000,64.000,23.000,27.000,,,,
1182874,,,08/01/2018,12:00:00AM,948.000,0.000,,,305.621,642.541,0.074,0.000,41.000,87.000,20.000,13.000,,,,
1182875,,,08/01/2018,12:00:00AM,359.000,0.000,,,208.492,151.248,0.074,0.000,132.000,140.000,3.000,1.000,,,,
1182876,,,08/01/2018,12:00:00AM,1052.000,0.000,,,707.095,345.239,0.074,0.000,217.000,17.000,34.000,51.000,,,,
1182878,,,08/01/2018,12:00:00AM,1746.000,0.000,,,813.301,933.640,0.096,0.000,232.000,243.000,1.000,1.000,,,,
1182879,,,08/01/2018,12:00:00AM,1199.000,0.000,,,517.731,681.640,0.074,0.000,179.000,159.000,9.000,15.000,,,,
1182881,,,08/01/2018,12:00:00AM,1059.000,0.000,,,617.278,441.809,0.074,0.000,39.000,19.000,29.000,35.000,,,,
1182883,,,08/01/2018,12:00:00AM,558.000,0.000,,,265.923,292.412,0.074,0.000,234.000,233.000,2.000,2.000,,,,
1182884,,,08/01/2018,12:00:00AM,730.000,0.000,,,276.391,454.458,0.074,0.000,25.000,31.000,20.000,24.000,,,,
1182885,,,08/01/2018,12:00:00AM,784.000,0.000,,,259.433,524.951,0.074,0.000,28.000,94.000,12.000,12.000,,,,
1182886,,,08/01/2018,12:00:00AM,684.000,0.000,,,478.504,205.772,0.074,0.000,3.000,1.000,34.000,32.000,,,,
1182891,,,08/01/2018,12:00:00AM,634.000,0.000,,,253.127,381.792,0.074,0.000,141.000,157.000,2.000,3.000,,,,
1182898,,,08/01/2018,12:00:00AM,988.000,0.000,,,455.271,533.550,0.074,0.000,26.000,18.000,14.000,11.000,,,,
1182899,,,08/01/2018,12:00:00AM,943.000,0.000,,,471.745,471.707,0.074,0.000,74.000,49.000,3.000,6.000,,,,
1182901,,,08/01/2018,12:00:00AM,886.000,0.000,,,448.145,438.093,0.074,0.000,36.000,93.000,20.000,12.000,,,,
1182902,,,08/01/2018,12:00:00AM,1253.000,0.000,,,576.163,677.088,0.074,0.000,211.000,255.000,0.000,1.000,,,,
1182903,,,08/01/2018,12:00:00AM,1646.000,0.000,,,582.020,1064.831,0.074,0.000,57.000,33.000,17.000,48.000,,,,
1182905,,,08/01/2018,12:00:00AM,1351.000,0.000,,,611.388,740.605,0.074,0.000,159.000,161.000,7.000,5.000,,,,
1182906,,,08/01/2018,12:00:00AM,1169.000,0.000,,,471.301,698.588,0.074,0.000,152.000,188.000,4.000,5.000,,,,
1182908,,,08/01/2018,12:00:00AM,1900.000,0.000,,,873.582,1027.379,0.074,0.000,88.000,89.000,19.000,22.000,,,,
1182909,,,08/01/2018,12:00:00AM,753.000,0.000,,,338.210,415.203,0.074,0.000,97.000,98.000,31.000,38.000,,,,
1182910,,,08/01/2018,12:00:00AM,1183.000,0.000,,,555.323,628.473,0.074,0.000,174.000,147.000,5.000,10.000,,,,
1182911,,,08/01/2018,12:00:00AM,1271.000,0.000,,,530.179,740.988,0.074,0.000,117.000,165.000,6.000,6.000,,,,
1182912,,,08/01/2018,12:00:00AM,1341.000,0.000,,,558.436,783.367,0.074,0.000,276.000,357.000,12.000,14.000,,,,
1182913,,,08/01/2018,12:00:00AM,1615.000,0.000,,,909.518,706.449,0.074,0.000,72.000,178.000,25.000,12.000,,,,
1182914,,,08/01/2018,12:00:00AM,385.000,0.000,,,174.741,210.823,0.074,0.000,55.000,51.000,6.000,8.000,,,,
1182915,,,08/01/2018,12:00:00AM,1039.000,0.000,,,470.097,569.741,0.074,0.000,49.000,31.000,25.000,21.000,,,,
1182916,,,08/01/2018,12:00:00AM,1586.000,0.000,,,909.944,676.368,0.074,0.000,92.000,54.000,109.000,84.000,,,,
1182924,,,08/01/2018,12:00:00AM,1164.000,0.000,,,550.434,614.088,0.148,0.000,83.000,115.000,19.000,13.000,,,,
1182925,,,08/01/2018,12:00:00AM,2707.000,0.000,,,1180.885,1526.697,0.148,0.000,142.000,224.000,10.000,6.000,,,,
1182926,,,08/01/2018,12:00:00AM,1177.000,0.000,,,507.121,670.489,0.148,0.000,18.000,17.000,75.000,80.000,,,,
1182929,,,08/01/2018,12:00:00AM,896.000,0.000,,,314.604,581.596,0.148,0.000,9.000,7.000,92.000,100.000,,,,
1182930,,,08/01/2018,12:00:00AM,654.000,0.000,,,479.371,174.695,0.148,0.000,441.000,129.000,8.000,10.000,,,,
1182931,,,08/01/2018,12:00:00AM,358.000,0.000,,,184.368,174.272,0.148,0.000,143.000,148.000,2.000,2.000,,,,
1182932,,,08/01/2018,12:00:00AM,927.000,0.000,,,408.766,519.208,0.148,0.000,31.000,28.000,25.000,20.000,,,,
1182933,,,08/01/2018,12:00:00AM,645.000,0.000,,,300.016,345.745,0.148,0.000,29.000,49.000,5.000,2.000,,,,
1182934,,,08/01/2018,12:00:00AM,1078.000,0.000,,,735.884,342.203,0.148,0.000,136.000,73.000,4.000,6.000,,,,
1182935,,,08/01/2018,12:00:00AM,2005.000,0.000,,,1070.450,935.011,0.148,0.000,60.000,47.000,185.000,119.000,,,,
1182936,,,08/01/2018,12:00:00AM,1658.000,0.000,,,564.085,1094.891,0.148,0.000,118.000,95.000,7.000,8.000,,,,
1182938,,,08/01/2018,12:00:00AM,1610.000,0.000,,,503.996,1106.689,0.148,0.000,13.000,105.000,84.000,61.000,,,,
1182939,,,08/01/2018,12:00:00AM,1839.000,0.000,,,803.601,1036.025,0.148,0.000,167.000,166.000,2.000,2.000,,,,
1182940,,,08/01/2018,12:00:00AM,479.000,0.000,,,297.247,181.789,0.148,0.000,81.000,59.000,1.000,1.000,,,,
1182947,,,08/01/2018,12:00:00AM,622.000,0.000,,,287.981,334.835,0.148,0.000,231.000,243.000,1.000,1.000,,,,
1182948,,,08/01/2018,12:00:00AM,412.000,0.000,,,167.444,245.472,0.148,0.000,55.000,105.000,13.000,11.000,,,,
1182949,,,08/01/2018,12:00:00AM,1456.000,0.000,,,612.416,844.304,0.148,0.000,4.000,2.000,105.000,116.000,,,,
1182950,,,08/01/2018,12:00:00AM,1497.000,0.000,,,432.310,1065.004,0.148,0.000,95.000,85.000,8.000,12.000,,,,
1182956,,,08/01/2018,12:00:00AM,478.000,0.000,,,184.583,293.659,0.148,0.000,31.000,31.000,0.000,0.000,,,,
1182957,,,08/01/2018,12:00:00AM,1148.000,0.000,,,657.930,490.745,0.148,0.000,92.000,84.000,18.000,17.000,,,,
1182959,,,08/01/2018,12:00:00AM,1074.000,0.000,,,538.376,536.430,0.148,0.000,127.000,117.000,20.000,15.000,,,,
1182960,,,08/01/2018,12:00:00AM,1896.000,0.000,,,796.934,1099.666,0.148,0.000,33.000,104.000,123.000,59.000,,,,
1182962,,,08/01/2018,12:00:00AM,1952.000,0.000,,,1135.719,816.461,0.170,0.000,170.000,249.000,13.000,6.000,,,,
1182964,,,08/01/2018,12:00:00AM,702.000,0.000,,,311.765,390.612,0.148,0.000,96.000,127.000,3.000,2.000,,,,
1182965,,,08/01/2018,12:00:00AM,1007.000,0.000,,,520.953,486.487,0.148,0.000,56.000,109.000,51.000,50.000,,,,
1182966,,,08/01/2018,12:00:00AM,821.000,0.000,,,357.721,463.654,0.148,0.000,38.000,107.000,15.000,12.000,,,,
1182968,,,08/01/2018,12:00:00AM,860.000,0.000,,,323.020,537.162,0.148,0.000,11.000,25.000,42.000,51.000,,,,
1182972,,,08/01/2018,12:00:00AM,1716.000,0.000,,,816.112,900.487,0.148,0.000,184.000,183.000,21.000,24.000,,,,
1182973,,,08/01/2018,12:00:00AM,1204.000,0.000,,,367.877,836.535,0.148,0.000,46.000,138.000,15.000,12.000,,,,
1182976,,,08/01/2018,12:00:00AM,975.000,0.000,,,400.555,574.473,0.148,0.000,134.000,162.000,17.000,15.000,,,,
1182980,,,08/01/2018,12:00:00AM,1772.000,0.000,,,850.884,921.530,0.148,0.000,78.000,88.000,20.000,27.000,,,,
1182982,,,08/01/2018,12:00:00AM,1245.000,0.000,,,381.327,864.500,0.148,0.000,62.000,124.000,38.000,30.000,,,,
1182983,,,08/01/2018,12:00:00AM,592.000,0.000,,,336.288,256.624,0.148,0.000,2.000,0.000,59.000,54.000,,,,
1182985,,,08/01/2018,12:00:00AM,692.000,0.000,,,351.330,341.417,0.148,0.000,0.000,0.000,124.000,122.000,,,,
1182987,,,08/01/2018,12:00:00AM,747.000,0.000,,,189.171,558.029,0.148,0.000,8.000,20.000,82.000,126.000,,,,
1182988,,,08/01/2018,12:00:00AM,950.000,0.000,,,390.742,560.214,0.148,0.000,9.000,18.000,44.000,51.000,,,,
1182991,,,08/01/2018,12:00:00AM,1405.000,0.000,,,502.342,903.642,0.148,0.000,10.000,27.000,76.000,91.000,,,,
1182995,,,08/01/2018,12:00:00AM,723.000,0.000,,,402.019,321.124,0.148,0.000,37.000,17.000,28.000,33.000,,,,
1182997,,,08/01/2018,12:00:00AM,226.000,0.000,,,116.424,110.391,0.148,0.000,0.000,0.000,51.000,50.000,,,,
1182998,,,08/01/2018,12:00:00AM,691.000,0.000,,,286.440,405.289,0.148,0.000,121.000,131.000,2.000,2.000,,,,
1182999,,,08/01/2018,12:00:00AM,1822.000,0.000,,,1055.081,767.273,0.222,0.000,103.000,91.000,21.000,9.000,,,,
1183000,,,08/01/2018,12:00:00AM,606.000,0.000,,,295.652,311.276,0.222,0.000,156.000,155.000,0.000,0.000,,,,
1183001,,,08/01/2018,12:00:00AM,1163.000,0.000,,,575.245,587.942,0.222,0.000,202.000,265.000,2.000,2.000,,,,
1183002,,,08/01/2018,12:00:00AM,732.000,0.000,,,364.647,368.087,0.243,0.000,148.000,172.000,9.000,4.000,,,,
1183003,,,08/01/2018,12:00:00AM,3048.000,0.000,,,1321.205,1727.587,0.222,0.000,119.000,184.000,18.000,10.000,,,,
1183004,,,08/01/2018,12:00:00AM,1282.000,0.000,,,752.361,530.341,0.222,0.000,158.000,104.000,22.000,27.000,,,,
1183005,,,08/01/2018,12:00:00AM,544.000,0.000,,,275.687,268.842,0.222,0.000,0.000,0.000,12.000,13.000,,,,
1183006,,,08/01/2018,12:00:00AM,945.000,0.000,,,444.616,501.054,0.222,0.000,119.000,164.000,36.000,30.000,,,,
1183007,,,08/01/2018,12:00:00AM,320.000,0.000,,,164.305,156.097,0.222,0.000,277.000,269.000,0.000,0.000,,,,
1183008,,,08/01/2018,12:00:00AM,2425.000,0.000,,,1325.130,1100.793,0.222,0.000,147.000,136.000,13.000,11.000,,,,
1183009,,,08/01/2018,12:00:00AM,843.000,0.000,,,329.085,514.609,0.222,0.000,28.000,34.000,23.000,38.000,,,,
1183010,,,08/01/2018,12:00:00AM,1212.000,0.000,,,457.574,755.359,0.222,0.000,110.000,247.000,29.000,27.000,,,,
1183011,,,08/01/2018,12:00:00AM,1820.000,0.000,,,915.434,905.082,0.222,0.000,216.000,162.000,4.000,10.000,,,,
1183012,,,08/01/2018,12:00:00AM,644.000,0.000,,,409.674,234.733,0.222,0.000,27.000,51.000,12.000,2.000,,,,
1183013,,,08/01/2018,12:00:00AM,1412.000,0.000,,,554.150,858.549,0.222,0.000,142.000,174.000,15.000,15.000,,,,
1183014,,,08/01/2018,12:00:00AM,1072.000,0.000,,,388.008,684.678,0.222,0.000,202.000,296.000,1.000,0.000,,,,
1183015,,,08/01/2018,12:00:00AM,1395.000,0.000,,,763.152,632.517,0.222,0.000,13.000,14.000,106.000,85.000,,,,
1183016,,,08/01/2018,12:00:00AM,933.000,0.000,,,477.865,455.194,0.222,0.000,118.000,117.000,27.000,26.000,,,,
1183018,,,08/01/2018,12:00:00AM,2959.000,0.000,,,1200.978,1758.946,0.222,0.000,37.000,82.000,81.000,90.000,,,,
1183019,,,08/01/2018,12:00:00AM,1406.000,0.000,,,437.112,969.365,0.222,0.000,89.000,211.000,11.000,9.000,,,,
1183020,,,08/01/2018,12:00:00AM,899.000,0.000,,,373.171,525.869,0.222,0.000,151.000,184.000,9.000,9.000,,,,
1183021,,,08/01/2018,12:00:00AM,688.000,0.000,,,276.193,412.071,0.222,0.000,48.000,60.000,5.000,10.000,,,,
1183022,,,08/01/2018,12:00:00AM,2094.000,0.000,,,1161.060,933.305,0.222,0.000,58.000,229.000,81.000,61.000,,,,
1183023,,,08/01/2018,12:00:00AM,1847.000,0.000,,,834.006,1013.422,0.222,0.000,215.000,249.000,30.000,26.000,,,,
1183024,,,08/01/2018,12:00:00AM,1856.000,0.000,,,840.693,1015.439,0.222,0.000,136.000,99.000,28.000,31.000,,,,
1183025,,,08/01/2018,12:00:00AM,909.000,0.000,,,433.300,475.810,0.222,0.000,97.000,141.000,4.000,2.000,,,,
1183026,,,08/01/2018,12:00:00AM,846.000,0.000,,,309.437,536.851,0.222,0.000,100.000,152.000,2.000,3.000,,,,
1183027,,,08/01/2018,12:00:00AM,210.000,0.000,,,176.393,34.310,0.222,0.000,18.000,12.000,1.000,0.000,,,,
1183028,,,08/01/2018,12:00:00AM,533.000,0.000,,,248.963,284.671,0.222,0.000,7.000,5.000,74.000,69.000,,,,
1183029,,,08/01/2018,12:00:00AM,1771.000,0.000,,,492.591,1278.641,0.222,0.000,63.000,140.000,25.000,23.000,,,,
1183030,,,08/01/2018,12:00:00AM,319.000,0.000,,,175.704,143.526,0.222,0.000,124.000,115.000,0.000,1.000,,,,
1183031,,,08/01/2018,12:00:00AM,1316.000,0.000,,,707.333,609.454,0.222,0.000,23.000,62.000,51.000,33.000,,,,
1183032,,,08/01/2018,12:00:00AM,1365.000,0.000,,,684.351,680.796,0.222,0.000,32.000,14.000,127.000,98.000,,,,
1183033,,,08/01/2018,12:00:00AM,2050.000,0.000,,,752.249,1298.664,0.222,0.000,134.000,119.000,80.000,86.000,,,,
1183034,,,08/01/2018,12:00:00AM,978.000,0.000,,,539.866,438.998,0.222,0.000,81.000,36.000,2.000,4.000,,,,
1183035,,,08/01/2018,12:00:00AM,2097.000,0.000,,,980.071,1117.394,0.222,0.000,514.000,547.000,0.000,0.000,,,,
1183040,,,08/01/2018,12:00:00AM,1076.000,0.000,,,550.400,525.839,0.148,0.000,80.000,65.000,7.000,8.000,,,,
1183041,,,08/01/2018,12:00:00AM,1525.000,0.000,,,909.395,615.845,0.148,0.000,101.000,110.000,16.000,14.000,,,,
1183044,,,08/01/2018,12:00:00AM,1244.000,0.000,,,648.531,596.124,0.149,0.000,38.000,37.000,72.000,65.000,,,,
1183046,,,08/01/2018,12:00:00AM,1594.000,0.000,,,794.333,800.385,0.148,0.000,197.000,172.000,13.000,14.000,,,,
1183047,,,08/01/2018,12:00:00AM,1069.000,0.000,,,475.329,594.406,0.148,0.000,26.000,195.000,84.000,57.000,,,,
1183048,,,08/01/2018,12:00:00AM,767.000,0.000,,,378.490,389.481,0.149,0.000,8.000,7.000,226.000,263.000,,,,
1183049,,,08/01/2018,12:00:00AM,810.000,0.000,,,333.012,477.284,0.149,0.000,50.000,60.000,1.000,3.000,,,,
1183050,,,08/01/2018,12:00:00AM,795.000,0.000,,,426.215,369.099,0.148,0.000,251.000,225.000,4.000,5.000,,,,
1183051,,,08/01/2018,12:00:00AM,810.000,0.000,,,485.558,324.832,0.149,0.000,218.000,192.000,0.000,0.000,,,,
1183052,,,08/01/2018,12:00:00AM,666.000,0.000,,,360.389,306.133,0.149,0.000,46.000,37.000,9.000,5.000,,,,
1183053,,,08/01/2018,12:00:00AM,424.000,0.000,,,242.959,181.054,0.149,0.000,159.000,152.000,8.000,6.000,,,,
1183057,,,08/01/2018,12:00:00AM,636.000,0.000,,,238.672,397.389,0.149,0.000,126.000,150.000,0.000,0.000,,,,
1183058,,,08/01/2018,12:00:00AM,314.000,0.000,,,182.955,131.390,0.149,0.000,15.000,13.000,0.000,0.000,,,,
1183059,,,08/01/2018,12:00:00AM,922.000,0.000,,,444.414,478.273,0.149,0.000,53.000,45.000,25.000,21.000,,,,
1183060,,,08/01/2018,12:00:00AM,2095.000,0.000,,,1454.362,641.269,0.149,0.000,104.000,26.000,106.000,150.000,,,,
1183061,,,08/01/2018,12:00:00AM,554.000,0.000,,,295.179,258.892,0.149,0.000,98.000,115.000,1.000,0.000,,,,
1183062,,,08/01/2018,12:00:00AM,1688.000,0.000,,,884.668,804.065,0.149,0.000,65.000,82.000,39.000,34.000,,,,
1183063,,,08/01/2018,12:00:00AM,4183.000,0.000,,,1959.940,2223.082,0.149,0.000,139.000,154.000,104.000,90.000,,,,
1183064,,,08/01/2018,12:00:00AM,1452.000,0.000,,,879.470,572.604,0.149,0.000,220.000,148.000,4.000,5.000,,,,
1183065,,,08/01/2018,12:00:00AM,546.000,0.000,,,198.646,348.260,0.149,0.000,18.000,72.000,40.000,40.000,,,,
1183066,,,08/01/2018,12:00:00AM,941.000,0.000,,,415.947,526.020,0.148,0.000,86.000,100.000,29.000,30.000,,,,
1183067,,,08/01/2018,12:00:00AM,1693.000,0.000,,,918.378,775.182,0.149,0.000,190.000,53.000,25.000,83.000,,,,
1183068,,,08/01/2018,12:00:00AM,901.000,0.000,,,501.128,400.088,0.148,0.000,18.000,30.000,50.000,41.000,,,,
1183069,,,08/01/2018,12:00:00AM,678.000,0.000,,,318.173,360.779,0.149,0.000,68.000,57.000,1.000,2.000,,,,
1183070,,,08/01/2018,12:00:00AM,1362.000,0.000,,,676.001,686.955,0.149,0.000,209.000,204.000,8.000,7.000,,,,
1183071,,,08/01/2018,12:00:00AM,1800.000,0.000,,,598.283,1202.659,0.149,0.000,305.000,554.000,0.000,0.000,,,,
1183072,,,08/01/2018,12:00:00AM,893.000,0.000,,,326.970,566.208,0.149,0.000,19.000,80.000,41.000,42.000,,,,
1183073,,,08/01/2018,12:00:00AM,876.000,0.000,,,363.798,513.187,0.149,0.000,17.000,83.000,36.000,40.000,,,,
1183074,,,08/01/2018,12:00:00AM,1802.000,0.000,,,732.740,1070.141,0.149,0.000,45.000,74.000,27.000,28.000,,,,
1183075,,,08/01/2018,12:00:00AM,843.000,0.000,,,257.102,586.637,0.148,0.000,9.000,6.000,44.000,81.000,,,,
1183076,,,08/01/2018,12:00:00AM,941.000,0.000,,,575.982,365.689,0.149,0.000,119.000,101.000,18.000,22.000,,,,
1183078,,,08/01/2018,12:00:00AM,1436.000,0.000,,,704.627,731.914,0.149,0.000,3.000,1.000,553.000,575.000,,,,
1183079,,,08/01/2018,12:00:00AM,867.000,0.000,,,368.692,498.592,0.074,0.000,25.000,13.000,20.000,39.000,,,,
1183080,,,08/01/2018,12:00:00AM,739.000,0.000,,,390.031,349.349,0.074,0.000,99.000,112.000,1.000,1.000,,,,
1183081,,,08/01/2018,12:00:00AM,622.000,0.000,,,232.802,390.013,0.074,0.000,203.000,307.000,5.000,5.000,,,,
1183082,,,08/01/2018,12:00:00AM,608.000,0.000,,,349.769,259.055,0.074,0.000,151.000,135.000,3.000,3.000,,,,
1183083,,,08/01/2018,12:00:00AM,427.000,0.000,,,215.254,212.502,0.096,0.000,203.000,195.000,3.000,3.000,,,,
1183084,,,08/01/2018,12:00:00AM,633.000,0.000,,,324.270,309.480,0.074,0.000,13.000,19.000,29.000,27.000,,,,
1183085,,,08/01/2018,12:00:00AM,622.000,0.000,,,328.031,294.634,0.074,0.000,121.000,35.000,9.000,17.000,,,,
1183086,,,08/01/2018,12:00:00AM,925.000,0.000,,,369.286,555.918,0.074,0.000,55.000,76.000,36.000,46.000,,,,
1183087,,,08/01/2018,12:00:00AM,1016.000,0.000,,,558.148,457.875,0.074,0.000,108.000,182.000,4.000,5.000,,,,
1183088,,,08/01/2018,12:00:00AM,1194.000,0.000,,,396.508,798.253,0.074,0.000,63.000,143.000,23.000,8.000,,,,
1183090,,,08/01/2018,12:00:00AM,984.000,0.000,,,479.133,504.987,0.074,0.000,39.000,21.000,47.000,48.000,,,,
1183091,,,08/01/2018,12:00:00AM,1249.000,0.000,,,560.004,689.448,0.074,0.000,1.000,12.000,85.000,81.000,,,,
1183092,,,08/01/2018,12:00:00AM,939.000,0.000,,,366.335,572.794,0.074,0.000,11.000,24.000,60.000,64.000,,,,
1183093,,,08/01/2018,12:00:00AM,1318.000,0.000,,,407.024,911.931,0.074,0.000,131.000,210.000,25.000,11.000,,,,
1183094,,,08/01/2018,12:00:00AM,1801.000,0.000,,,734.239,1067.126,0.074,0.000,16.000,23.000,46.000,53.000,,,,
1183095,,,08/01/2018,12:00:00AM,635.000,0.000,,,290.920,344.473,0.074,0.000,22.000,11.000,13.000,20.000,,,,
1183096,,,08/01/2018,12:00:00AM,950.000,0.000,,,470.711,480.223,0.074,0.000,0.000,1.000,160.000,171.000,,,,
1183097,,,08/01/2018,12:00:00AM,1001.000,0.000,,,431.325,570.633,0.074,0.000,175.000,220.000,8.000,7.000,,,,
1183098,,,08/01/2018,12:00:00AM,792.000,0.000,,,454.724,338.011,0.074,0.000,42.000,31.000,45.000,46.000,,,,
1183099,,,08/01/2018,12:00:00AM,1190.000,0.000,,,410.422,779.836,0.074,0.000,143.000,98.000,9.000,17.000,,,,
1183100,,,08/01/2018,12:00:00AM,1284.000,0.000,,,499.178,784.966,0.074,0.000,130.000,118.000,13.000,15.000,,,,
1183101,,,08/01/2018,12:00:00AM,1151.000,0.000,,,560.469,591.079,0.074,0.000,170.000,133.000,20.000,20.000,,,,
1183102,,,08/01/2018,12:00:00AM,741.000,0.000,,,291.504,450.111,0.074,0.000,100.000,105.000,13.000,17.000,,,,
1183103,,,08/01/2018,12:00:00AM,429.000,0.000,,,252.951,176.912,0.074,0.000,64.000,62.000,20.000,17.000,,,,
1183104,,,08/01/2018,12:00:00AM,988.000,0.000,,,366.903,621.484,0.074,0.000,70.000,61.000,41.000,60.000,,,,
1183105,,,08/01/2018,12:00:00AM,800.000,0.000,,,358.014,442.935,0.074,0.000,12.000,7.000,46.000,44.000,,,,
1183106,,,08/01/2018,12:00:00AM,1138.000,0.000,,,676.690,461.537,0.074,0.000,169.000,151.000,14.000,13.000,,,,
1183107,,,08/01/2018,12:00:00AM,1181.000,0.000,,,777.407,403.909,0.074,0.000,196.000,77.000,2.000,6.000,,,,
1183108,,,08/01/2018,12:00:00AM,697.000,0.000,,,375.115,322.688,0.074,0.000,276.000,286.000,0.000,0.000,,,,
1183109,,,08/01/2018,12:00:00AM,1017.000,0.000,,,481.238,535.820,0.074,0.000,90.000,52.000,37.000,44.000,,,,
1183110,,,08/01/2018,12:00:00AM,1734.000,0.000,,,638.750,1095.900,0.074,0.000,11.000,45.000,55.000,51.000,,,,
1183111,,,08/01/2018,12:00:00AM,984.000,0.000,,,419.397,564.908,0.074,0.000,80.000,100.000,3.000,2.000,,,,
1183112,,,08/01/2018,12:00:00AM,1177.000,0.000,,,507.159,670.567,0.074,0.000,184.000,216.000,5.000,6.000,,,,
1183113,,,08/01/2018,12:00:00AM,826.000,0.000,,,449.625,376.725,0.074,0.000,50.000,37.000,16.000,21.000,,,,
1183114,,,08/01/2018,12:00:00AM,1781.000,0.000,,,1002.877,778.885,0.074,0.000,21.000,57.000,146.000,93.000,,,,
1183115,,,08/01/2018,12:00:00AM,1371.000,0.000,,,535.975,836.013,0.074,0.000,136.000,190.000,8.000,6.000,,,,
1183116,,,08/01/2018,12:00:00AM,1377.000,0.000,,,575.858,801.430,0.074,0.000,3.000,1.000,376.000,360.000,,,,
1183117,,,08/01/2018,12:00:00AM,1168.000,0.000,,,590.266,578.623,0.074,0.000,108.000,101.000,25.000,18.000,,,,
1183118,,,08/01/2018,12:00:00AM,1032.000,0.000,,,465.181,567.387,0.074,0.000,57.000,85.000,10.000,10.000,,,,
1183119,,,08/01/2018,12:00:00AM,1103.000,0.000,,,511.711,591.321,0.149,0.000,95.000,113.000,5.000,4.000,,,,
1183120,,,08/01/2018,12:00:00AM,1241.000,0.000,,,504.422,737.169,0.148,0.000,188.000,242.000,1.000,4.000,,,,
1183121,,,08/01/2018,12:00:00AM,1042.000,0.000,,,518.785,524.176,0.149,0.000,46.000,35.000,53.000,72.000,,,,
1183122,,,08/01/2018,12:00:00AM,1235.000,0.000,,,567.892,667.908,0.171,0.000,399.000,426.000,0.000,0.000,,,,
1183123,,,08/01/2018,12:00:00AM,2177.000,0.000,,,1260.480,917.110,0.149,0.000,175.000,157.000,4.000,3.000,,,,
1183124,,,08/01/2018,12:00:00AM,1468.000,0.000,,,778.750,690.221,0.149,0.000,193.000,68.000,87.000,69.000,,,,
1183125,,,08/01/2018,12:00:00AM,1077.000,0.000,,,676.505,401.258,0.149,0.000,86.000,74.000,7.000,5.000,,,,
1183127,,,08/01/2018,12:00:00AM,891.000,0.000,,,467.521,423.689,0.148,0.000,167.000,146.000,4.000,5.000,,,,
1183128,,,08/01/2018,12:00:00AM,1524.000,0.000,,,703.270,820.950,0.148,0.000,40.000,104.000,101.000,46.000,,,,
1183129,,,08/01/2018,12:00:00AM,903.000,0.000,,,487.430,416.509,0.149,0.000,14.000,4.000,143.000,133.000,,,,
1183130,,,08/01/2018,12:00:00AM,1444.000,0.000,,,884.398,560.058,0.148,0.000,13.000,14.000,69.000,38.000,,,,
1183131,,,08/01/2018,12:00:00AM,1412.000,0.000,,,529.645,883.091,0.149,0.000,105.000,140.000,4.000,4.000,,,,
1183132,,,08/01/2018,12:00:00AM,829.000,0.000,,,421.388,407.619,0.149,0.000,17.000,9.000,55.000,33.000,,,,
1183133,,,08/01/2018,12:00:00AM,432.000,0.000,,,221.596,210.829,0.148,0.000,82.000,99.000,2.000,1.000,,,,
1183134,,,08/01/2018,12:00:00AM,1358.000,0.000,,,898.737,460.206,0.149,0.000,27.000,13.000,121.000,75.000,,,,
1183135,,,08/01/2018,12:00:00AM,1594.000,0.000,,,879.025,715.486,0.148,0.000,343.000,244.000,1.000,0.000,,,,
1183137,,,08/01/2018,12:00:00AM,1503.000,0.000,,,732.208,771.135,0.149,0.000,29.000,35.000,19.000,14.000,,,,
1183138,,,08/01/2018,12:00:00AM,1008.000,0.000,,,495.304,513.390,0.149,0.000,116.000,129.000,31.000,30.000,,,,
1183139,,,08/01/2018,12:00:00AM,926.000,0.000,,,398.295,528.599,0.149,0.000,23.000,155.000,36.000,50.000,,,,
1183140,,,08/01/2018,12:00:00AM,838.000,0.000,,,452.661,385.669,0.149,0.000,12.000,23.000,110.000,92.000,,,,
1183141,,,08/01/2018,12:00:00AM,2284.000,0.000,,,1325.766,959.166,0.149,0.000,129.000,210.000,18.000,17.000,,,,
1183142,,,08/01/2018,12:00:00AM,692.000,0.000,,,355.589,337.398,0.149,0.000,23.000,20.000,23.000,26.000,,,,
1183143,,,08/01/2018,12:00:00AM,692.000,0.000,,,372.943,319.999,0.149,0.000,135.000,125.000,5.000,6.000,,,,
1183144,,,08/01/2018,12:00:00AM,889.000,0.000,,,499.775,389.535,0.148,0.000,10.000,30.000,125.000,114.000,,,,
1183145,,,08/01/2018,12:00:00AM,975.000,0.000,,,404.286,571.566,0.149,0.000,67.000,85.000,8.000,11.000,,,,
1183146,,,08/01/2018,12:00:00AM,1825.000,0.000,,,956.102,869.525,0.148,0.000,54.000,21.000,88.000,122.000,,,,
1183147,,,08/01/2018,12:00:00AM,2076.000,0.000,,,772.478,1304.462,0.149,0.000,34.000,83.000,52.000,51.000,,,,
1183148,,,08/01/2018,12:00:00AM,854.000,0.000,,,515.484,338.848,0.148,0.000,12.000,8.000,199.000,187.000,,,,
1183149,,,08/01/2018,12:00:00AM,1189.000,0.000,,,589.942,599.703,0.148,0.000,76.000,61.000,6.000,5.000,,,,
1183150,,,08/01/2018,12:00:00AM,1194.000,0.000,,,484.161,710.458,0.148,0.000,86.000,96.000,19.000,13.000,,,,
1183151,,,08/01/2018,12:00:00AM,1804.000,0.000,,,866.375,937.635,0.149,0.000,150.000,172.000,17.000,11.000,,,,
1183153,,,08/01/2018,12:00:00AM,858.000,0.000,,,405.117,453.777,0.148,0.000,66.000,45.000,18.000,21.000,,,,
1183155,,,08/01/2018,12:00:00AM,1711.000,0.000,,,735.590,976.404,0.149,0.000,292.000,339.000,3.000,5.000,,,,
1183156,,,08/01/2018,12:00:00AM,1087.000,0.000,,,551.218,536.177,0.149,0.000,233.000,235.000,0.000,0.000,,,,
1183158,,,08/01/2018,12:00:00AM,1164.000,0.000,,,416.162,748.423,0.149,0.000,110.000,86.000,13.000,32.000,,,,
1183159,,,08/01/2018,12:00:00AM,463.000,0.000,,,249.199,214.681,0.149,0.000,154.000,164.000,2.000,0.000,,,,
1183160,,,08/01/2018,12:00:00AM,1238.000,0.000,,,724.597,513.775,0.148,0.000,24.000,18.000,49.000,35.000,,,,
1183161,,,08/01/2018,12:00:00AM,6.000,0.000,,,6.411,0.000,0.149,0.000,0.000,0.000,0.000,0.000,,,,
1183162,,,08/01/2018,12:00:00AM,1464.000,0.000,,,613.556,851.274,0.149,0.000,59.000,45.000,78.000,63.000,,,,
1183163,,,08/01/2018,12:00:00AM,413.000,0.000,,,205.522,208.257,0.149,0.000,21.000,33.000,12.000,10.000,,,,
1183164,,,08/01/2018,12:00:00AM,469.000,0.000,,,249.734,219.738,0.148,0.000,3.000,7.000,59.000,58.000,,,,
1183165,,,08/01/2018,12:00:00AM,749.000,0.000,,,379.723,369.323,0.148,0.000,0.000,0.000,95.000,96.000,,,,
1183166,,,08/01/2018,12:00:00AM,6.000,0.000,,,6.424,0.000,0.148,0.000,0.000,0.000,0.000,0.000,,,,
1183168,,,08/01/2018,12:00:00AM,225.000,0.000,,,118.466,106.702,0.149,0.000,11.000,13.000,54.000,52.000,,,,
1183169,,,08/01/2018,12:00:00AM,517.000,0.000,,,250.636,266.790,0.149,0.000,8.000,2.000,63.000,59.000,,,,
1183170,,,08/01/2018,12:00:00AM,613.000,0.000,,,329.005,284.546,0.148,0.000,3.000,1.000,64.000,66.000,,,,
1183174,,,08/01/2018,12:00:00AM,616.000,0.000,,,346.511,270.074,0.148,0.000,173.000,126.000,1.000,1.000,,,,
1183175,,,08/01/2018,12:00:00AM,498.000,0.000,,,253.467,245.314,0.149,0.000,89.000,88.000,0.000,0.000,,,,
1183176,,,08/01/2018,12:00:00AM,10945.000,0.000,,,5518.208,5427.759,0.148,0.000,569.000,555.000,0.000,0.000,,,,
1183177,,,08/01/2018,12:00:00AM,296.000,0.000,,,127.946,168.980,0.149,0.000,62.000,68.000,8.000,13.000,,,,
1183178,,,08/01/2018,12:00:00AM,996.000,0.000,,,501.619,494.456,0.149,0.000,55.000,25.000,20.000,30.000,,,,
1183179,,,08/01/2018,12:00:00AM,248.000,0.000,,,144.935,103.771,0.149,0.000,68.000,44.000,0.000,0.000,,,,
1183180,,,08/01/2018,12:00:00AM,496.000,0.000,,,194.958,301.703,0.149,0.000,57.000,67.000,23.000,21.000,,,,
1183181,,,08/01/2018,12:00:00AM,319.000,0.000,,,175.624,144.327,0.149,0.000,93.000,86.000,1.000,0.000,,,,
1183182,,,08/01/2018,12:00:00AM,387.000,0.000,,,205.184,182.177,0.149,0.000,11.000,10.000,16.000,19.000,,,,
1183183,,,08/01/2018,12:00:00AM,280.000,0.000,,,155.423,125.480,0.148,0.000,129.000,123.000,2.000,1.000,,,,
1183184,,,08/01/2018,12:00:00AM,415.000,0.000,,,218.561,196.867,0.149,0.000,118.000,114.000,0.000,0.000,,,,
1183185,,,08/01/2018,12:00:00AM,306.000,0.000,,,115.791,191.038,0.148,0.000,9.000,20.000,4.000,12.000,,,,
1183186,,,08/01/2018,12:00:00AM,558.000,0.000,,,294.716,264.039,0.149,0.000,30.000,30.000,9.000,11.000,,,,
1183187,,,08/01/2018,12:00:00AM,313.000,0.000,,,175.153,138.771,0.149,0.000,5.000,7.000,18.000,11.000,,,,
1183188,,,08/01/2018,12:00:00AM,1230.000,0.000,,,852.766,378.031,0.149,0.000,103.000,111.000,6.000,3.000,,,,
1183189,,,08/01/2018,12:00:00AM,315.000,0.000,,,161.460,154.298,0.149,0.000,59.000,52.000,0.000,0.000,,,,
1183190,,,08/01/2018,12:00:00AM,529.000,0.000,,,307.829,221.604,0.148,0.000,33.000,33.000,13.000,14.000,,,,
1183191,,,08/01/2018,12:00:00AM,433.000,0.000,,,189.285,244.532,0.149,0.000,22.000,18.000,25.000,31.000,,,,
1183192,,,08/01/2018,12:00:00AM,436.000,0.000,,,187.704,248.347,0.149,0.000,24.000,15.000,29.000,39.000,,,,
1183193,,,08/01/2018,12:00:00AM,753.000,0.000,,,407.312,346.301,0.149,0.000,25.000,8.000,71.000,95.000,,,,
1183194,,,08/01/2018,12:00:00AM,449.000,0.000,,,210.762,239.035,0.148,0.000,28.000,11.000,39.000,45.000,,,,
1183195,,,08/01/2018,12:00:00AM,339.000,0.000,,,146.410,193.365,0.149,0.000,140.000,145.000,1.000,1.000,,,,
1183196,,,08/01/2018,12:00:00AM,406.000,0.000,,,204.112,202.423,0.148,0.000,110.000,137.000,0.000,0.000,,,,
1183197,,,08/01/2018,12:00:00AM,846.000,0.000,,,573.851,272.198,0.148,0.000,81.000,74.000,11.000,10.000,,,,
1183198,,,08/01/2018,12:00:00AM,944.000,0.000,,,483.626,460.543,0.148,0.000,10.000,1.000,144.000,164.000,,,,
1183199,,,08/01/2018,12:00:00AM,386.000,0.000,,,232.659,153.566,0.148,0.000,63.000,60.000,3.000,2.000,,,,
1183200,,,08/01/2018,12:00:00AM,529.000,0.000,,,166.086,363.665,0.148,0.000,53.000,112.000,4.000,2.000,,,,
1183201,,,08/01/2018,12:00:00AM,386.000,0.000,,,186.939,199.795,0.148,0.000,14.000,10.000,52.000,57.000,,,,
1183202,,,08/01/2018,12:00:00AM,654.000,0.000,,,290.534,363.844,0.148,0.000,120.000,129.000,18.000,15.000,,,,
1183203,,,08/01/2018,12:00:00AM,874.000,0.000,,,454.848,419.266,0.148,0.000,25.000,24.000,6.000,8.000,,,,
1183204,,,08/01/2018,12:00:00AM,317.000,0.000,,,180.850,136.976,0.148,0.000,26.000,25.000,9.000,8.000,,,,
1183205,,,08/01/2018,12:00:00AM,788.000,0.000,,,306.852,481.774,0.148,0.000,29.000,77.000,29.000,25.000,,,,
1183206,,,08/01/2018,12:00:00AM,211.000,0.000,,,106.714,104.976,0.148,0.000,70.000,66.000,7.000,8.000,,,,
1183207,,,08/01/2018,12:00:00AM,303.000,0.000,,,174.503,128.739,0.148,0.000,59.000,53.000,42.000,42.000,,,,
1183208,,,08/01/2018,12:00:00AM,548.000,0.000,,,254.297,294.161,0.148,0.000,30.000,13.000,35.000,46.000,,,,
1183209,,,08/01/2018,12:00:00AM,372.000,0.000,,,169.818,202.568,0.148,0.000,23.000,10.000,10.000,15.000,,,,
1183210,,,08/01/2018,12:00:00AM,455.000,0.000,,,240.822,214.231,0.148,0.000,30.000,36.000,22.000,22.000,,,,
1183212,,,08/01/2018,12:00:00AM,174.000,0.000,,,84.214,89.920,0.148,0.000,18.000,26.000,1.000,1.000,,,,
1183214,,,08/01/2018,12:00:00AM,682.000,0.000,,,348.475,334.090,0.148,0.000,80.000,65.000,5.000,7.000,,,,
1183216,,,08/01/2018,12:00:00AM,822.000,0.000,,,369.870,453.079,0.148,0.000,28.000,19.000,49.000,54.000,,,,
1183400,,,08/01/2018,12:00:00AM,469.000,0.000,,,291.356,178.381,0.148,0.000,14.000,12.000,24.000,19.000,,,,
1183401,,,08/01/2018,12:00:00AM,246.000,0.000,,,104.220,141.892,0.148,0.000,9.000,16.000,22.000,26.000,,,,
1183402,,,08/01/2018,12:00:00AM,454.000,0.000,,,233.277,221.566,0.149,0.000,146.000,154.000,0.000,0.000,,,,
1183403,,,08/01/2018,12:00:00AM,835.000,0.000,,,546.466,288.535,0.149,0.000,24.000,19.000,53.000,53.000,,,,
1183404,,,08/01/2018,12:00:00AM,323.000,0.000,,,221.715,101.760,0.149,0.000,26.000,19.000,7.000,0.000,,,,
1183405,,,08/01/2018,12:00:00AM,662.000,0.000,,,364.969,297.203,0.148,0.000,79.000,82.000,3.000,3.000,,,,
1183406,,,08/01/2018,12:00:00AM,16.000,0.000,,,11.434,4.977,0.148,0.000,0.000,0.000,0.000,0.000,,,,
1183409,,,08/01/2018,12:00:00AM,708.000,0.000,,,331.097,377.322,0.148,0.000,19.000,23.000,20.000,30.000,,,,
1183411,,,08/01/2018,12:00:00AM,468.000,0.000,,,267.809,200.209,0.148,0.000,17.000,9.000,3.000,4.000,,,,
1183412,,,08/01/2018,12:00:00AM,346.000,0.000,,,175.240,171.248,0.148,0.000,67.000,72.000,6.000,6.000,,,,
1183413,,,08/01/2018,12:00:00AM,306.000,0.000,,,195.193,110.913,0.149,0.000,10.000,10.000,28.000,25.000,,,,
1183414,,,08/01/2018,12:00:00AM,225.000,0.000,,,117.403,107.837,0.148,0.000,31.000,29.000,3.000,3.000,,,,
1183416,,,08/01/2018,12:00:00AM,628.000,0.000,,,412.197,216.141,0.148,0.000,39.000,12.000,71.000,67.000,,,,
1183418,,,08/01/2018,12:00:00AM,332.000,0.000,,,182.511,150.261,0.148,0.000,26.000,30.000,2.000,2.000,,,,
1183420,,,08/01/2018,12:00:00AM,553.000,0.000,,,227.188,326.484,0.148,0.000,103.000,111.000,0.000,2.000,,,,
1183425,,,08/01/2018,12:00:00AM,980.000,0.000,,,523.447,456.753,0.149,0.000,81.000,91.000,9.000,6.000,,,,
1183426,,,08/01/2018,12:00:00AM,406.000,0.000,,,287.788,118.809,0.148,0.000,154.000,2.000,18.000,28.000,,,,
1183435,,,08/01/2018,12:00:00AM,839.000,0.000,,,677.596,162.124,0.148,0.000,418.000,8.000,25.000,59.000,,,,
1183437,,,08/01/2018,12:00:00AM,348.000,0.000,,,294.722,53.648,0.148,0.000,0.000,0.000,22.000,8.000,,,,
1183438,,,08/01/2018,12:00:00AM,582.000,0.000,,,275.405,307.509,0.148,0.000,2.000,2.000,37.000,47.000,,,,
1183504,,,08/01/2018,12:00:00AM,413.000,0.000,,,257.607,155.738,0.296,0.000,9.000,3.000,16.000,17.000,,,,
1183510,,,08/01/2018,12:00:00AM,540.000,0.000,,,302.381,238.460,0.296,0.000,15.000,4.000,117.000,120.000,,,,
1183519,,,08/01/2018,12:00:00AM,1816.000,0.000,,,1020.737,795.592,0.074,0.000,0.000,2.000,397.000,369.000,,,,
1183520,,,08/01/2018,12:00:00AM,1497.000,0.000,,,1012.638,484.712,0.074,0.000,25.000,7.000,17.000,39.000,,,,
1183521,,,08/01/2018,12:00:00AM,374.000,0.000,,,194.047,180.646,0.074,0.000,102.000,59.000,4.000,5.000,,,,
1183522,,,08/01/2018,12:00:00AM,2015.000,0.000,,,1343.256,672.260,0.074,0.000,71.000,24.000,79.000,152.000,,,,
1183523,,,08/01/2018,12:00:00AM,1109.000,0.000,,,556.705,552.921,0.074,0.000,96.000,103.000,13.000,12.000,,,,
1183524,,,08/01/2018,12:00:00AM,1190.000,0.000,,,863.641,326.861,0.074,0.000,3.000,0.000,136.000,123.000,,,,
1183525,,,08/01/2018,12:00:00AM,851.000,0.000,,,496.588,354.710,0.074,0.000,148.000,89.000,17.000,18.000,,,,
1183526,,,08/01/2018,12:00:00AM,607.000,0.000,,,341.603,266.178,0.074,0.000,26.000,22.000,45.000,39.000,,,,
1183527,,,08/01/2018,12:00:00AM,973.000,0.000,,,619.090,353.945,0.074,0.000,78.000,36.000,6.000,7.000,,,,
1183528,,,08/01/2018,12:00:00AM,69.000,0.000,,,38.809,30.954,0.074,0.000,57.000,54.000,0.000,0.000,,,,
1183529,,,08/01/2018,12:00:00AM,1143.000,0.000,,,555.449,587.734,0.074,0.000,18.000,9.000,37.000,54.000,,,,
1183530,,,08/01/2018,12:00:00AM,167.000,0.000,,,83.814,83.606,0.074,0.000,16.000,15.000,10.000,10.000,,,,
1183531,,,08/01/2018,12:00:00AM,1061.000,0.000,,,613.890,447.323,0.074,0.000,27.000,16.000,144.000,146.000,,,,
1183532,,,08/01/2018,12:00:00AM,1018.000,0.000,,,433.818,584.599,0.074,0.000,297.000,348.000,0.000,0.000,,,,
1183533,,,08/01/2018,12:00:00AM,2024.000,0.000,,,1211.828,812.456,0.074,0.000,85.000,67.000,6.000,2.000,,,,
1183534,,,08/01/2018,12:00:00AM,1341.000,0.000,,,738.633,603.071,0.074,0.000,43.000,32.000,111.000,106.000,,,,
1183536,,,08/01/2018,12:00:00AM,609.000,0.000,,,290.953,318.479,0.074,0.000,70.000,95.000,8.000,6.000,,,,
1183537,,,08/01/2018,12:00:00AM,531.000,0.000,,,264.296,267.250,0.074,0.000,230.000,240.000,0.000,0.000,,,,
1183538,,,08/01/2018,12:00:00AM,1206.000,0.000,,,801.932,404.335,0.074,0.000,1.000,0.000,156.000,146.000,,,,
1183539,,,08/01/2018,12:00:00AM,668.000,0.000,,,374.951,293.738,0.074,0.000,6.000,4.000,181.000,171.000,,,,
1183540,,,08/01/2018,12:00:00AM,355.000,0.000,,,139.850,215.548,0.074,0.000,9.000,8.000,22.000,27.000,,,,
1183541,,,08/01/2018,12:00:00AM,1146.000,0.000,,,645.672,501.209,0.074,0.000,39.000,17.000,43.000,43.000,,,,
1183542,,,08/01/2018,12:00:00AM,228.000,0.000,,,127.323,101.358,0.074,0.000,67.000,46.000,1.000,1.000,,,,
1183545,,,08/01/2018,12:00:00AM,479.000,0.000,,,263.060,216.927,0.074,0.000,67.000,39.000,20.000,22.000,,,,
1183556,,,08/01/2018,12:00:00AM,1473.000,0.000,,,778.106,695.766,0.074,0.000,0.000,0.000,170.000,172.000,,,,
1183557,,,08/01/2018,12:00:00AM,1501.000,0.000,,,546.112,955.649,0.074,0.000,21.000,13.000,52.000,57.000,,,,
1183560,,,08/01/2018,12:00:00AM,1147.000,0.000,,,564.174,582.846,0.074,0.000,120.000,127.000,40.000,37.000,,,,
1183564,,,08/01/2018,12:00:00AM,1329.000,0.000,,,550.542,779.311,0.074,0.000,125.000,120.000,0.000,0.000,,,,
1183565,,,08/01/2018,12:00:00AM,908.000,0.000,,,395.847,512.691,0.074,0.000,12.000,7.000,18.000,18.000,,,,
1183567,,,08/01/2018,12:00:00AM,651.000,0.000,,,346.429,305.511,0.074,0.000,23.000,3.000,36.000,44.000,,,,
1183568,,,08/01/2018,12:00:00AM,1417.000,0.000,,,728.010,689.568,0.074,0.000,325.000,217.000,1.000,2.000,,,,
1183569,,,08/01/2018,12:00:00AM,858.000,0.000,,,486.672,371.706,0.074,0.000,10.000,6.000,17.000,15.000,,,,
1183570,,,08/01/2018,12:00:00AM,895.000,0.000,,,457.570,437.696,0.074,0.000,288.000,293.000,0.000,0.000,,,,
1183571,,,08/01/2018,12:00:00AM,439.000,0.000,,,283.445,156.480,0.074,0.000,1.000,0.000,133.000,156.000,,,,
1183573,,,08/01/2018,12:00:00AM,290.000,0.000,,,167.517,123.052,0.074,0.000,65.000,63.000,6.000,5.000,,,,
1183574,,,08/01/2018,12:00:00AM,70.000,0.000,,,50.174,19.834,0.074,0.000,31.000,28.000,0.000,0.000,,,,
1183575,,,08/01/2018,12:00:00AM,481.000,0.000,,,205.540,275.697,0.074,0.000,7.000,7.000,17.000,17.000,,,,
1183576,,,08/01/2018,12:00:00AM,1729.000,0.000,,,825.180,904.504,0.074,0.000,49.000,48.000,17.000,22.000,,,,
1183577,,,08/01/2018,12:00:00AM,703.000,0.000,,,403.589,299.469,0.074,0.000,19.000,27.000,41.000,19.000,,,,
1183578,,,08/01/2018,12:00:00AM,217.000,0.000,,,112.859,104.869,0.074,0.000,5.000,6.000,27.000,28.000,,,,
1183579,,,08/01/2018,12:00:00AM,651.000,0.000,,,333.445,318.211,0.074,0.000,13.000,25.000,29.000,45.000,,,,
1183580,,,08/01/2018,12:00:00AM,641.000,0.000,,,319.390,321.980,0.074,0.000,57.000,54.000,35.000,28.000,,,,
1183581,,,08/01/2018,12:00:00AM,1221.000,0.000,,,607.815,613.621,0.074,0.000,17.000,7.000,100.000,170.000,,,,
1183582,,,08/01/2018,12:00:00AM,559.000,0.000,,,272.194,287.686,0.074,0.000,227.000,241.000,0.000,0.000,,,,
1183583,,,08/01/2018,12:00:00AM,234.000,0.000,,,197.567,36.460,0.074,0.000,15.000,1.000,1.000,1.000,,,,
1183584,,,08/01/2018,12:00:00AM,1205.000,0.000,,,558.175,647.240,0.074,0.000,146.000,138.000,22.000,26.000,,,,
1183585,,,08/01/2018,12:00:00AM,977.000,0.000,,,506.294,471.482,0.074,0.000,165.000,213.000,2.000,0.000,,,,
1183586,,,08/01/2018,12:00:00AM,1003.000,0.000,,,629.029,373.989,0.074,0.000,96.000,52.000,38.000,36.000,,,,
1183587,,,08/01/2018,12:00:00AM,723.000,0.000,,,353.726,369.993,0.074,0.000,77.000,96.000,11.000,4.000,,,,
1183588,,,08/01/2018,12:00:00AM,1390.000,0.000,,,872.849,517.289,0.074,0.000,28.000,3.000,50.000,23.000,,,,
1183589,,,08/01/2018,12:00:00AM,460.000,0.000,,,303.943,156.701,0.074,0.000,167.000,94.000,4.000,3.000,,,,
1183590,,,08/01/2018,12:00:00AM,845.000,0.000,,,446.747,398.794,0.074,0.000,26.000,34.000,61.000,50.000,,,,
1183591,,,08/01/2018,12:00:00AM,252.000,0.000,,,152.587,100.237,0.074,0.000,21.000,14.000,13.000,14.000,,,,
1183592,,,08/01/2018,12:00:00AM,716.000,0.000,,,246.687,469.341,0.074,0.000,71.000,136.000,28.000,6.000,,,,
1183593,,,08/01/2018,12:00:00AM,1262.000,0.000,,,717.723,544.970,0.074,0.000,51.000,34.000,39.000,38.000,,,,
1183594,,,08/01/2018,12:00:00AM,557.000,0.000,,,300.330,257.208,0.074,0.000,12.000,17.000,37.000,32.000,,,,
1183595,,,08/01/2018,12:00:00AM,569.000,0.000,,,306.073,262.932,0.074,0.000,8.000,3.000,64.000,71.000,,,,
1183596,,,08/01/2018,12:00:00AM,1098.000,0.000,,,609.161,489.603,0.074,0.000,344.000,191.000,5.000,13.000,,,,
1183597,,,08/01/2018,12:00:00AM,808.000,0.000,,,370.578,437.814,0.074,0.000,6.000,14.000,68.000,64.000,,,,
1183598,,,08/01/2018,12:00:00AM,515.000,0.000,,,215.768,299.300,0.074,0.000,48.000,48.000,6.000,2.000,,,,
1183599,,,08/01/2018,12:00:00AM,1790.000,0.000,,,1026.393,764.250,0.074,0.000,34.000,22.000,115.000,84.000,,,,
1183680,,,08/01/2018,12:00:00AM,283.000,0.000,,,132.326,151.301,0.074,0.000,93.000,97.000,6.000,6.000,,,,
1183681,,,08/01/2018,12:00:00AM,891.000,0.000,,,572.509,318.834,0.074,0.000,22.000,11.000,52.000,62.000,,,,
1183682,,,08/01/2018,12:00:00AM,459.000,0.000,,,223.665,236.100,0.074,0.000,54.000,45.000,13.000,15.000,,,,
1183683,,,08/01/2018,12:00:00AM,227.000,0.000,,,103.948,123.823,0.074,0.000,13.000,13.000,12.000,15.000,,,,
1183684,,,08/01/2018,12:00:00AM,1222.000,0.000,,,733.305,489.430,0.074,0.000,39.000,64.000,9.000,5.000,,,,
1183685,,,08/01/2018,12:00:00AM,728.000,0.000,,,378.069,350.132,0.074,0.000,53.000,39.000,11.000,15.000,,,,
1183686,,,08/01/2018,12:00:00AM,751.000,0.000,,,466.148,285.162,0.074,0.000,3.000,0.000,70.000,59.000,,,,
1183687,,,08/01/2018,12:00:00AM,776.000,0.000,,,414.877,361.884,0.074,0.000,11.000,38.000,54.000,43.000,,,,
1183688,,,08/01/2018,12:00:00AM,467.000,0.000,,,239.091,228.663,0.074,0.000,25.000,22.000,7.000,11.000,,,,
1183689,,,08/01/2018,12:00:00AM,642.000,0.000,,,479.966,162.435,0.074,0.000,1.000,1.000,151.000,142.000,,,,
1183690,,,08/01/2018,12:00:00AM,218.000,0.000,,,111.866,106.925,0.074,0.000,2.000,3.000,38.000,32.000,,,,
1183691,,,08/01/2018,12:00:00AM,213.000,0.000,,,111.513,101.742,0.074,0.000,36.000,33.000,1.000,1.000,,,,
1183692,,,08/01/2018,12:00:00AM,554.000,0.000,,,253.235,301.010,0.074,0.000,71.000,82.000,15.000,15.000,,,,
1183693,,,08/01/2018,12:00:00AM,529.000,0.000,,,261.571,268.108,0.074,0.000,7.000,13.000,33.000,37.000,,,,
1183694,,,08/01/2018,12:00:00AM,470.000,0.000,,,274.234,196.723,0.074,0.000,38.000,6.000,37.000,43.000,,,,
1183695,,,08/01/2018,12:00:00AM,789.000,0.000,,,354.224,435.125,0.074,0.000,40.000,40.000,34.000,35.000,,,,
1183696,,,08/01/2018,12:00:00AM,449.000,0.000,,,226.596,223.337,0.074,0.000,97.000,100.000,1.000,1.000,,,,
1183697,,,08/01/2018,12:00:00AM,354.000,0.000,,,185.924,168.632,0.074,0.000,5.000,7.000,23.000,21.000,,,,
1183698,,,08/01/2018,12:00:00AM,415.000,0.000,,,222.728,193.174,0.074,0.000,103.000,58.000,0.000,2.000,,,,
1183702,,,08/01/2018,12:00:00AM,236.000,0.000,,,123.249,113.266,0.149,0.000,26.000,25.000,0.000,0.000,,,,
1183732,,,08/01/2018,12:00:00AM,432.000,0.000,,,220.850,211.182,0.149,0.000,29.000,39.000,9.000,11.000,,,,
1183733,,,08/01/2018,12:00:00AM,386.000,0.000,,,196.938,189.312,0.149,0.000,112.000,109.000,5.000,4.000,,,,
1183734,,,08/01/2018,12:00:00AM,1247.000,0.000,,,795.081,452.668,0.148,0.000,0.000,0.000,252.000,192.000,,,,
1183735,,,08/01/2018,12:00:00AM,854.000,0.000,,,431.689,423.220,0.149,0.000,202.000,162.000,12.000,13.000,,,,
1183736,,,08/01/2018,12:00:00AM,561.000,0.000,,,303.243,258.239,0.149,0.000,38.000,20.000,14.000,6.000,,,,
1183738,,,08/01/2018,12:00:00AM,610.000,0.000,,,315.380,295.244,0.149,0.000,33.000,32.000,19.000,19.000,,,,
1183739,,,08/01/2018,12:00:00AM,648.000,0.000,,,363.066,285.650,0.149,0.000,7.000,2.000,27.000,24.000,,,,
1183740,,,08/01/2018,12:00:00AM,459.000,0.000,,,234.348,225.114,0.074,0.000,0.000,0.000,95.000,94.000,,,,
1183741,,,08/01/2018,12:00:00AM,294.000,0.000,,,139.571,154.760,0.074,0.000,68.000,80.000,5.000,5.000,,,,
1183742,,,08/01/2018,12:00:00AM,435.000,0.000,,,188.718,246.740,0.074,0.000,0.000,0.000,51.000,70.000,,,,
1183743,,,08/01/2018,12:00:00AM,210.000,0.000,,,109.178,101.312,0.074,0.000,0.000,0.000,34.000,28.000,,,,
1183744,,,08/01/2018,12:00:00AM,567.000,0.000,,,227.016,340.150,0.074,0.000,1.000,0.000,53.000,56.000,,,,
1183745,,,08/01/2018,12:00:00AM,317.000,0.000,,,182.509,135.045,0.074,0.000,83.000,81.000,10.000,7.000,,,,
1183746,,,08/01/2018,12:00:00AM,557.000,0.000,,,270.661,286.967,0.074,0.000,8.000,3.000,96.000,102.000,,,,
1183747,,,08/01/2018,12:00:00AM,1365.000,0.000,,,624.087,741.484,0.074,0.000,1.000,1.000,136.000,144.000,,,,
1183748,,,08/01/2018,12:00:00AM,495.000,0.000,,,233.573,262.041,0.074,0.000,18.000,14.000,43.000,46.000,,,,
1183760,,,08/01/2018,12:00:00AM,34.000,0.000,,,20.064,13.975,0.074,0.000,0.000,0.000,9.000,8.000,,,,
1183764,,,08/01/2018,12:00:00AM,366.000,0.000,,,260.552,105.992,0.074,0.000,250.000,109.000,0.000,0.000,,,,
1183765,,,08/01/2018,12:00:00AM,58.000,0.000,,,32.222,25.937,0.074,0.000,0.000,0.000,0.000,0.000,,,,
1183766,,,08/01/2018,12:00:00AM,313.000,0.000,,,288.489,24.560,0.074,0.000,225.000,1.000,10.000,20.000,,,,
1183767,,,08/01/2018,12:00:00AM,1931.000,0.000,,,1137.025,794.818,0.074,0.000,1158.000,971.000,0.000,0.000,,,,
1183768,,,08/01/2018,12:00:00AM,196.000,0.000,,,187.936,8.700,0.074,0.000,162.000,1.000,6.000,7.000,,,,
1183769,,,08/01/2018,12:00:00AM,22.000,0.000,,,18.888,3.817,0.074,0.000,4.000,3.000,1.000,0.000,,,,
1183770,,,08/01/2018,12:00:00AM,352.000,0.000,,,167.640,184.653,0.074,0.000,50.000,65.000,6.000,5.000,,,,
1183771,,,08/01/2018,12:00:00AM,141.000,0.000,,,73.720,68.026,0.074,0.000,84.000,84.000,0.000,0.000,,,,
1183772,,,08/01/2018,12:00:00AM,200.000,0.000,,,96.575,103.819,0.074,0.000,20.000,48.000,20.000,16.000,,,,
1183773,,,08/01/2018,12:00:00AM,308.000,0.000,,,178.089,130.876,0.074,0.000,24.000,19.000,2.000,2.000,,,,
1183791,,,08/01/2018,12:00:00AM,96.000,0.000,,,51.873,45.056,0.074,0.000,21.000,20.000,0.000,0.000,,,,
1183792,,,08/01/2018,12:00:00AM,381.000,0.000,,,160.463,220.903,0.074,0.000,3.000,4.000,103.000,100.000,,,,
1183793,,,08/01/2018,12:00:00AM,333.000,0.000,,,159.492,174.190,0.074,0.000,74.000,80.000,0.000,0.000,,,,
1183794,,,08/01/2018,12:00:00AM,425.000,0.000,,,169.559,255.733,0.074,0.000,9.000,7.000,46.000,53.000,,,,
1183795,,,08/01/2018,12:00:00AM,204.000,0.000,,,127.043,77.865,0.074,0.000,19.000,24.000,6.000,5.000,,,,
1183796,,,08/01/2018,12:00:00AM,732.000,0.000,,,598.745,133.450,0.074,0.000,554.000,62.000,0.000,27.000,,,,
1183797,,,08/01/2018,12:00:00AM,1241.000,0.000,,,780.809,460.275,0.074,0.000,376.000,375.000,19.000,8.000,,,,
1183798,,,08/01/2018,12:00:00AM,80.000,0.000,,,31.285,48.842,0.074,0.000,2.000,6.000,8.000,13.000,,,,
1183799,,,08/01/2018,12:00:00AM,1261.000,0.000,,,1135.579,125.866,0.074,0.000,1105.000,54.000,30.000,90.000,,,,
1183810,,,08/01/2018,12:00:00AM,495.000,0.000,,,230.826,264.561,0.149,0.000,57.000,59.000,20.000,21.000,,,,
1183811,,,08/01/2018,12:00:00AM,439.000,0.000,,,219.228,219.974,0.149,0.000,0.000,0.000,41.000,45.000,,,,
1183812,,,08/01/2018,12:00:00AM,651.000,0.000,,,428.795,223.123,0.149,0.000,52.000,46.000,18.000,21.000,,,,
1183813,,,08/01/2018,12:00:00AM,595.000,0.000,,,304.165,291.743,0.148,0.000,104.000,103.000,0.000,0.000,,,,
1183814,,,08/01/2018,12:00:00AM,728.000,0.000,,,292.356,435.715,0.149,0.000,136.000,169.000,2.000,3.000,,,,
1183815,,,08/01/2018,12:00:00AM,299.000,0.000,,,141.014,158.032,0.149,0.000,1.000,1.000,38.000,35.000,,,,
1183816,,,08/01/2018,12:00:00AM,392.000,0.000,,,220.483,172.480,0.149,0.000,36.000,18.000,7.000,12.000,,,,
1183818,,,08/01/2018,12:00:00AM,775.000,0.000,,,342.699,433.189,0.149,0.000,8.000,5.000,36.000,50.000,,,,
1183819,,,08/01/2018,12:00:00AM,321.000,0.000,,,177.394,143.800,0.149,0.000,78.000,58.000,12.000,12.000,,,,
1183820,,,08/01/2018,12:00:00AM,362.000,0.000,,,177.982,184.297,0.149,0.000,15.000,15.000,10.000,9.000,,,,
1183821,,,08/01/2018,12:00:00AM,420.000,0.000,,,211.795,208.736,0.149,0.000,5.000,4.000,57.000,64.000,,,,
1183822,,,08/01/2018,12:00:00AM,237.000,0.000,,,129.223,108.222,0.149,0.000,3.000,3.000,27.000,32.000,,,,
1183823,,,08/01/2018,12:00:00AM,538.000,0.000,,,342.887,195.377,0.149,0.000,18.000,7.000,15.000,12.000,,,,
1183829,,,08/01/2018,12:00:00AM,369.000,0.000,,,241.978,127.657,0.149,0.000,29.000,21.000,6.000,4.000,,,,
1183830,,,08/01/2018,12:00:00AM,408.000,0.000,,,229.529,178.585,0.149,0.000,29.000,30.000,1.000,1.000,,,,
1183831,,,08/01/2018,12:00:00AM,442.000,0.000,,,156.263,286.113,0.149,0.000,89.000,75.000,4.000,10.000,,,,
1183832,,,08/01/2018,12:00:00AM,48.000,0.000,,,33.340,15.278,0.149,0.000,0.000,0.000,10.000,8.000,,,,
1183833,,,08/01/2018,12:00:00AM,353.000,0.000,,,178.722,175.135,0.149,0.000,6.000,31.000,31.000,34.000,,,,
1183834,,,08/01/2018,12:00:00AM,204.000,0.000,,,84.259,119.929,0.149,0.000,58.000,53.000,0.000,2.000,,,,
1183835,,,08/01/2018,12:00:00AM,288.000,0.000,,,182.290,106.059,0.149,0.000,60.000,62.000,4.000,3.000,,,,
1183846,,,08/01/2018,12:00:00AM,95.000,0.000,,,51.294,44.703,0.148,0.000,0.000,0.000,8.000,8.000,,,,
1183847,,,08/01/2018,12:00:00AM,163.000,0.000,,,90.061,73.255,0.148,0.000,13.000,8.000,2.000,3.000,,,,
1183848,,,08/01/2018,12:00:00AM,371.000,0.000,,,240.479,130.780,0.148,0.000,9.000,5.000,18.000,19.000,,,,
1183849,,,08/01/2018,12:00:00AM,133.000,0.000,,,96.421,37.212,0.148,0.000,17.000,4.000,10.000,6.000,,,,
1183850,,,08/01/2018,12:00:00AM,345.000,0.000,,,176.764,169.127,0.148,0.000,34.000,27.000,7.000,7.000,,,,
1183851,,,08/01/2018,12:00:00AM,160.000,0.000,,,99.355,61.066,0.148,0.000,22.000,20.000,2.000,3.000,,,,
1183858,,,08/01/2018,12:00:00AM,289.000,0.000,,,161.048,128.023,0.148,0.000,3.000,1.000,15.000,15.000,,,,
1183859,,,08/01/2018,12:00:00AM,408.000,0.000,,,109.750,298.487,0.148,0.000,97.000,171.000,0.000,0.000,,,,
1183860,,,08/01/2018,12:00:00AM,191.000,0.000,,,127.034,64.587,0.148,0.000,6.000,8.000,28.000,23.000,,,,
1183861,,,08/01/2018,12:00:00AM,273.000,0.000,,,164.278,109.603,0.148,0.000,7.000,6.000,14.000,11.000,,,,
1183862,,,08/01/2018,12:00:00AM,548.000,0.000,,,257.381,291.169,0.148,0.000,54.000,77.000,7.000,5.000,,,,
1183863,,,08/01/2018,12:00:00AM,351.000,0.000,,,211.348,140.517,0.148,0.000,37.000,34.000,8.000,12.000,,,,
1183864,,,08/01/2018,12:00:00AM,267.000,0.000,,,162.045,105.095,0.148,0.000,10.000,3.000,12.000,16.000,,,,
1183865,,,08/01/2018,12:00:00AM,352.000,0.000,,,210.785,141.909,0.148,0.000,18.000,19.000,5.000,1.000,,,,
1183866,,,08/01/2018,12:00:00AM,485.000,0.000,,,207.370,277.999,0.148,0.000,12.000,19.000,8.000,4.000,,,,
1183867,,,08/01/2018,12:00:00AM,193.000,0.000,,,103.288,90.333,0.148,0.000,1.000,1.000,104.000,106.000,,,,
1183868,,,08/01/2018,12:00:00AM,540.000,0.000,,,244.352,296.606,0.148,0.000,27.000,24.000,2.000,3.000,,,,
1183869,,,08/01/2018,12:00:00AM,385.000,0.000,,,176.365,208.887,0.148,0.000,29.000,27.000,18.000,18.000,,,,
1183870,,,08/01/2018,12:00:00AM,724.000,0.000,,,375.290,349.409,0.148,0.000,66.000,74.000,1.000,1.000,,,,
1183871,,,08/01/2018,12:00:00AM,432.000,0.000,,,256.852,175.827,0.148,0.000,82.000,58.000,2.000,2.000,,,,
1183872,,,08/01/2018,12:00:00AM,459.000,0.000,,,206.917,252.840,0.148,0.000,11.000,7.000,13.000,22.000,,,,
1183873,,,08/01/2018,12:00:00AM,127.000,0.000,,,58.912,68.198,0.148,0.000,31.000,35.000,1.000,1.000,,,,
1183874,,,08/01/2018,12:00:00AM,176.000,0.000,,,84.590,91.827,0.148,0.000,16.000,13.000,9.000,10.000,,,,
1183875,,,08/01/2018,12:00:00AM,1021.000,0.000,,,504.090,517.797,0.148,0.000,19.000,18.000,5.000,5.000,,,,
1183876,,,08/01/2018,12:00:00AM,260.000,0.000,,,133.676,127.151,0.148,0.000,4.000,10.000,31.000,23.000,,,,
1183877,,,08/01/2018,12:00:00AM,297.000,0.000,,,141.646,156.242,0.148,0.000,60.000,96.000,1.000,0.000,,,,
1183878,,,08/01/2018,12:00:00AM,511.000,0.000,,,369.678,141.544,0.148,0.000,57.000,43.000,4.000,4.000,,,,
1183880,,,08/01/2018,12:00:00AM,471.000,0.000,,,288.926,182.134,0.074,0.000,83.000,35.000,6.000,10.000,,,,
1183881,,,08/01/2018,12:00:00AM,378.000,0.000,,,229.226,149.558,0.074,0.000,20.000,15.000,6.000,7.000,,,,
1183882,,,08/01/2018,12:00:00AM,324.000,0.000,,,161.446,162.801,0.074,0.000,67.000,66.000,5.000,7.000,,,,
1183883,,,08/01/2018,12:00:00AM,198.000,0.000,,,196.024,2.113,0.074,0.000,6.000,0.000,0.000,0.000,,,,
1183884,,,08/01/2018,12:00:00AM,259.000,0.000,,,115.167,144.155,0.074,0.000,1.000,1.000,12.000,13.000,,,,
1183885,,,08/01/2018,12:00:00AM,370.000,0.000,,,186.153,184.794,0.074,0.000,9.000,5.000,22.000,30.000,,,,
1183887,,,08/01/2018,12:00:00AM,504.000,0.000,,,307.244,197.386,0.074,0.000,19.000,20.000,8.000,6.000,,,,
1183888,,,08/01/2018,12:00:00AM,479.000,0.000,,,222.133,257.722,0.074,0.000,100.000,114.000,9.000,10.000,,,,
1183889,,,08/01/2018,12:00:00AM,175.000,0.000,,,73.244,102.244,0.074,0.000,32.000,33.000,6.000,10.000,,,,
1183890,,,08/01/2018,12:00:00AM,707.000,0.000,,,266.795,440.475,0.074,0.000,8.000,34.000,36.000,17.000,,,,
1183891,,,08/01/2018,12:00:00AM,223.000,0.000,,,114.896,108.759,0.074,0.000,7.000,7.000,8.000,8.000,,,,
1183892,,,08/01/2018,12:00:00AM,792.000,0.000,,,489.927,302.272,0.074,0.000,15.000,3.000,24.000,18.000,,,,
1183893,,,08/01/2018,12:00:00AM,692.000,0.000,,,416.769,275.791,0.074,0.000,1.000,3.000,73.000,58.000,,,,
1183898,,,08/01/2018,12:00:00AM,438.000,0.000,,,219.887,218.398,0.074,0.000,0.000,0.000,128.000,124.000,,,,
1183899,,,08/01/2018,12:00:00AM,198.000,0.000,,,127.442,71.067,0.074,0.000,46.000,39.000,11.000,12.000,,,,
1183900,,,08/01/2018,12:00:00AM,703.000,0.000,,,232.822,470.896,0.074,0.000,62.000,76.000,4.000,5.000,,,,
1183901,,,08/01/2018,12:00:00AM,464.000,0.000,,,251.342,213.572,0.074,0.000,133.000,118.000,0.000,0.000,,,,
1183902,,,08/01/2018,12:00:00AM,642.000,0.000,,,311.716,330.542,0.074,0.000,6.000,15.000,37.000,42.000,,,,
1183903,,,08/01/2018,12:00:00AM,159.000,0.000,,,92.307,67.597,0.074,0.000,49.000,46.000,5.000,5.000,,,,
1183904,,,08/01/2018,12:00:00AM,279.000,0.000,,,121.920,157.382,0.074,0.000,15.000,11.000,9.000,17.000,,,,
1183905,,,08/01/2018,12:00:00AM,449.000,0.000,,,167.189,282.483,0.074,0.000,57.000,72.000,10.000,17.000,,,,
1183906,,,08/01/2018,12:00:00AM,392.000,0.000,,,207.735,184.383,0.074,0.000,19.000,18.000,9.000,15.000,,,,
1183907,,,08/01/2018,12:00:00AM,87.000,0.000,,,86.505,1.053,0.074,0.000,2.000,0.000,2.000,0.000,,,,
1183908,,,08/01/2018,12:00:00AM,619.000,0.000,,,330.314,289.198,0.074,0.000,9.000,5.000,50.000,55.000,,,,
1183909,,,08/01/2018,12:00:00AM,266.000,0.000,,,147.310,119.274,0.074,0.000,65.000,66.000,9.000,9.000,,,,
1183910,,,08/01/2018,12:00:00AM,389.000,0.000,,,190.272,199.645,0.074,0.000,0.000,0.000,169.000,174.000,,,,
1183911,,,08/01/2018,12:00:00AM,362.000,0.000,,,177.975,184.820,0.074,0.000,2.000,0.000,153.000,155.000,,,,
1183912,,,08/01/2018,12:00:00AM,396.000,0.000,,,227.764,168.365,0.074,0.000,6.000,0.000,203.000,207.000,,,,
1183913,,,08/01/2018,12:00:00AM,355.000,0.000,,,181.647,174.030,0.074,0.000,42.000,39.000,0.000,0.000,,,,
1183914,,,08/01/2018,12:00:00AM,186.000,0.000,,,97.466,88.967,0.074,0.000,6.000,11.000,10.000,7.000,,,,
1183915,,,08/01/2018,12:00:00AM,309.000,0.000,,,211.417,98.059,0.074,0.000,7.000,2.000,19.000,22.000,,,,
1183919,,,08/01/2018,12:00:00AM,616.000,0.000,,,336.041,280.902,0.074,0.000,39.000,24.000,11.000,11.000,,,,
1184121,,,08/01/2018,12:00:00AM,24.000,0.000,,,15.775,9.120,0.075,0.000,3.000,3.000,0.000,0.000,,,,
5052332,,,08/01/2018,12:00:00AM,2232.000,0.000,376.000,39.704,897.009,1335.794,0.183,0.000,,,,,149.049,227.032,22.073,17.631
5052470,,,08/01/2018,12:00:00AM,2138.000,0.000,1170.000,167.826,1831.152,307.394,0.157,0.000,,,,,1112.451,57.610,36.531,131.295
5052471,,,08/01/2018,12:00:00AM,872.000,0.000,1008.000,0.005,456.369,416.416,0.156,0.000,,,,,516.946,491.291,0.005,0.000
5052473,,,08/01/2018,12:00:00AM,9559.000,0.000,5062.000,0.006,3356.899,6202.786,0.157,0.000,,,,,1710.243,3352.570,0.006,0.000
5052474,,,08/01/2018,12:00:00AM,5757.000,0.000,2458.000,1.300,2225.179,3531.909,0.157,0.000,,,,,1017.743,1440.566,0.640,0.660
5052475,,,08/01/2018,12:00:00AM,11457.000,0.000,6862.000,0.037,4581.766,6875.737,0.156,0.000,,,,,2934.915,3927.154,0.037,0.000
5052476,,,08/01/2018,12:00:00AM,5399.000,0.000,2251.000,2.280,1729.193,3669.984,0.156,0.000,,,,,873.528,1377.547,0.525,1.755
5052477,,,08/01/2018,12:00:00AM,5912.000,0.000,3609.000,19.486,999.043,4913.822,0.157,0.000,,,,,744.848,2864.331,15.481,4.005
5052478,,,08/01/2018,12:00:00AM,8380.000,0.000,3301.000,20.845,3466.558,4914.120,0.156,0.000,,,,,1340.542,1960.984,8.529,12.316
5052479,,,08/01/2018,12:00:00AM,20182.000,0.000,8432.000,1.690,13737.541,6445.178,0.156,0.000,,,,,4989.142,3443.554,0.768,0.922
5052481,,,08/01/2018,12:00:00AM,4619.000,0.000,711.000,3.396,1709.323,2910.431,0.157,0.000,,,,,296.615,414.472,0.976,2.420
5052482,,,08/01/2018,12:00:00AM,8969.000,0.000,5164.000,1.708,2077.990,6891.362,0.156,0.000,,,,,1324.335,3840.455,1.208,0.500
5052483,,,08/01/2018,12:00:00AM,1987.000,0.000,0.000,574.123,1523.156,464.074,0.156,0.000,,,,,0.945,0.003,334.783,239.340
5052488,,,08/01/2018,12:00:00AM,6181.000,0.000,2596.000,70.485,2597.901,3583.987,0.104,0.000,,,,,1075.542,1521.235,40.399,30.086
5052489,,,08/01/2018,12:00:00AM,2025.000,0.000,1493.000,149.581,1866.053,159.166,0.105,0.000,,,,,1480.346,13.322,52.328,97.253
5052490,,,08/01/2018,12:00:00AM,12589.000,0.000,5724.000,0.872,7534.993,5054.296,0.104,0.000,,,,,3189.000,2535.698,0.621,0.251
5052491,,,08/01/2018,12:00:00AM,2473.000,0.000,2018.000,0.006,1914.233,559.051,0.105,0.000,,,,,1824.336,194.631,0.006,0.000
5052492,,,08/01/2018,12:00:00AM,4330.000,0.000,2169.000,0.004,1646.358,2683.813,0.105,0.000,,,,,905.999,1263.148,0.004,0.000
5052493,,,08/01/2018,12:00:00AM,6234.000,0.000,3572.000,0.154,1776.361,4457.958,0.104,0.000,,,,,1117.437,2454.677,0.013,0.141
5052494,,,08/01/2018,12:00:00AM,3018.000,0.000,2431.000,12.098,2358.909,659.869,0.105,0.000,,,,,2106.721,325.240,4.867,7.231
5052495,,,08/01/2018,12:00:00AM,3875.000,0.000,3033.000,26.482,2692.743,1182.675,0.105,0.000,,,,,2018.357,1015.330,10.330,16.152
5052496,,,08/01/2018,12:00:00AM,24741.000,0.000,5738.000,0.007,17296.458,7445.512,0.105,0.000,,,,,3072.396,2665.905,0.007,0.000
5052497,,,08/01/2018,12:00:00AM,113.000,0.000,88.000,0.212,104.448,9.179,0.105,0.000,,,,,83.583,4.975,0.212,0.000
5052498,,,08/01/2018,12:00:00AM,1016.000,0.000,924.000,46.404,843.721,172.828,0.105,0.000,,,,,800.660,123.682,18.596,27.808
5052499,,,08/01/2018,12:00:00AM,156.000,0.000,201.000,0.005,104.042,52.337,0.105,0.000,,,,,125.989,75.592,0.005,0.000
5052500,,,08/01/2018,12:00:00AM,4544.000,0.000,2589.000,37.259,3186.762,1357.255,0.105,0.000,,,,,1582.185,1007.405,13.888,23.371
5052501,,,08/01/2018,12:00:00AM,279.000,0.000,24.000,2.725,264.732,14.734,0.105,0.000,,,,,13.273,10.852,2.725,0.000
5052502,,,08/01/2018,12:00:00AM,8412.000,0.000,4534.000,88.861,6955.208,1456.878,0.105,0.000,,,,,4457.619,76.979,16.982,71.879
5052503,,,08/01/2018,12:00:00AM,4420.000,0.000,4966.000,48.964,4016.259,404.731,0.105,0.000,,,,,4654.591,312.356,8.484,40.480
5052504,,,08/01/2018,12:00:00AM,3290.000,0.000,17.000,362.175,2001.076,1289.346,0.105,0.000,,,,,5.234,12.365,216.468,145.707
5052505,,,08/01/2018,12:00:00AM,891.000,0.000,52.000,70.699,749.976,141.514,0.105,0.000,,,,,20.134,32.545,69.080,1.619
5052506,,,08/01/2018,12:00:00AM,435.000,0.000,7.000,63.978,244.800,190.447,0.104,0.000,,,,,5.251,2.429,31.069,32.909
5052507,,,08/01/2018,12:00:00AM,659.000,0.000,137.000,146.775,576.370,82.989,0.105,0.000,,,,,137.069,0.222,82.986,63.789
5052508,,,08/01/2018,12:00:00AM,1929.000,0.000,1452.000,14.803,1467.341,462.387,0.105,0.000,,,,,1281.847,170.570,4.545,10.258
5052509,,,08/01/2018,12:00:00AM,707.000,0.000,229.000,37.448,370.310,337.543,0.105,0.000,,,,,117.423,112.421,19.010,18.438
5052510,,,08/01/2018,12:00:00AM,516.000,0.000,0.000,232.071,402.299,113.862,0.105,0.000,,,,,0.557,0.000,126.535,105.536
5052511,,,08/01/2018,12:00:00AM,708.000,0.000,1.000,531.105,517.251,190.925,0.105,0.000,,,,,1.574,0.000,276.117,254.988
5052512,,,08/01/2018,12:00:00AM,617.000,0.000,602.000,6.251,496.006,121.190,0.105,0.000,,,,,545.724,56.739,2.628,3.623
5052513,,,08/01/2018,12:00:00AM,2489.000,0.000,0.000,1306.346,2137.041,352.518,0.105,0.000,,,,,0.346,0.000,714.357,591.989
5052514,,,08/01/2018,12:00:00AM,724.000,0.000,646.000,5.385,563.249,160.984,0.105,0.000,,,,,567.767,78.461,2.235,3.150
5052515,,,08/01/2018,12:00:00AM,764.000,0.000,143.000,78.606,543.668,221.098,0.105,0.000,,,,,140.770,2.575,44.961,33.645
5052516,,,08/01/2018,12:00:00AM,1185.000,0.000,274.000,0.376,848.509,336.591,0.105,0.000,,,,,177.106,97.294,0.284,0.092
5052517,,,08/01/2018,12:00:00AM,673.000,0.000,114.000,33.699,616.888,57.064,0.105,0.000,,,,,95.721,18.943,24.561,9.138
5052524,,,08/01/2018,12:00:00AM,1098.000,0.000,449.000,124.804,573.888,524.976,0.105,0.000,,,,,236.392,213.462,62.098,62.706
5052525,,,08/01/2018,12:00:00AM,1941.000,0.000,1099.000,172.875,1773.689,167.568,0.104,0.000,,,,,1091.475,8.174,55.141,117.734
5052526,,,08/01/2018,12:00:00AM,1998.000,0.000,0.000,326.252,1770.065,228.445,0.105,0.000,,,,,0.313,0.000,211.152,115.100
5052527,,,08/01/2018,12:00:00AM,1970.000,0.000,1445.000,72.527,1424.223,546.395,0.105,0.000,,,,,1046.745,398.827,30.321,42.206
5052614,,,08/01/2018,12:00:00AM,43.000,0.000,2.000,0.011,28.955,14.307,0.111,0.000,,,,,1.797,1.094,0.011,0.000
5052615,,,08/01/2018,12:00:00AM,653.000,0.000,544.000,13.792,515.213,138.435,0.110,0.000,,,,,481.502,63.192,5.630,8.162
5052616,,,08/01/2018,12:00:00AM,2134.000,0.000,1220.000,317.541,1777.778,356.399,0.111,0.000,,,,,1165.030,55.875,99.048,218.493
5052617,,,08/01/2018,12:00:00AM,1067.000,0.000,785.000,117.450,921.748,145.715,0.110,0.000,,,,,738.173,47.405,26.545,90.905
5052668,,,08/01/2018,12:00:00AM,1832.000,0.000,905.000,62.493,1475.726,356.671,0.076,0.000,,,,,829.146,76.419,10.270,52.223
5052670,,,08/01/2018,12:00:00AM,1300.000,0.000,617.000,171.265,1122.093,178.714,0.076,0.000,,,,,595.587,21.946,49.775,121.490
5052671,,,08/01/2018,12:00:00AM,1083.000,0.000,578.000,102.335,906.828,176.811,0.076,0.000,,,,,569.305,9.063,36.921,65.414
5052672,,,08/01/2018,12:00:00AM,725.000,0.000,746.000,51.001,647.246,77.843,0.076,0.000,,,,,712.911,33.934,17.907,33.094
5052673,,,08/01/2018,12:00:00AM,1153.000,0.000,893.000,0.009,1081.655,71.947,0.076,0.000,,,,,858.122,34.912,0.009,0.000
5052674,,,08/01/2018,12:00:00AM,1454.000,0.000,950.000,85.168,1250.776,203.378,0.077,0.000,,,,,905.611,44.444,26.955,58.213
5052675,,,08/01/2018,12:00:00AM,801.000,0.000,603.000,0.030,676.987,124.832,0.076,0.000,,,,,536.355,67.010,0.030,0.000
5052676,,,08/01/2018,12:00:00AM,1856.000,0.000,1338.000,238.713,1568.566,287.648,0.076,0.000,,,,,1203.460,134.767,61.254,177.459
5052677,,,08/01/2018,12:00:00AM,1198.000,0.000,721.000,20.843,971.494,227.326,0.076,0.000,,,,,656.773,65.059,6.158,14.685
5052678,,,08/01/2018,12:00:00AM,84.000,0.000,3.000,0.010,58.432,25.643,0.076,0.000,,,,,3.716,0.005,0.010,0.000
5052679,,,08/01/2018,12:00:00AM,2216.000,0.000,1763.000,117.788,1866.048,350.361,0.076,0.000,,,,,1642.609,120.564,36.835,80.953
5052680,,,08/01/2018,12:00:00AM,904.000,0.000,463.000,207.855,717.694,186.610,0.076,0.000,,,,,452.583,11.200,65.519,142.336
5052681,,,08/01/2018,12:00:00AM,690.000,0.000,247.000,175.013,501.707,188.617,0.054,0.000,,,,,237.184,9.980,75.949,99.064
5052682,,,08/01/2018,12:00:00AM,2594.000,0.000,885.000,251.082,1987.031,607.817,0.075,0.000,,,,,835.965,49.042,68.872,182.210
5052683,,,08/01/2018,12:00:00AM,2508.000,0.000,983.000,351.162,2057.679,450.395,0.076,0.000,,,,,981.635,1.923,95.414,255.748
5052684,,,08/01/2018,12:00:00AM,101.000,0.000,27.000,43.432,81.301,20.391,0.076,0.000,,,,,27.849,0.000,21.440,21.992
5052685,,,08/01/2018,12:00:00AM,747.000,0.000,311.000,219.878,550.222,197.065,0.076,0.000,,,,,311.905,0.000,97.059,122.819
5052686,,,08/01/2018,12:00:00AM,1341.000,0.000,701.000,172.231,1197.666,144.179,0.076,0.000,,,,,690.725,10.929,47.139,125.092
5052687,,,08/01/2018,12:00:00AM,1955.000,0.000,1174.000,106.033,1508.412,446.764,0.076,0.000,,,,,1031.563,143.163,27.038,78.995
5052700,,,08/01/2018,12:00:00AM,12.000,0.000,0.000,0.009,12.459,0.000,0.064,0.000,,,,,0.393,0.000,0.009,0.000
5052701,,,08/01/2018,12:00:00AM,12.000,0.000,1.000,0.001,12.976,0.005,0.064,0.000,,,,,1.136,0.010,0.000,0.001
5052702,,,08/01/2018,12:00:00AM,1087.000,0.000,733.000,34.076,856.994,230.365,0.064,0.000,,,,,658.658,75.277,12.477,21.599
5052704,,,08/01/2018,12:00:00AM,580.000,0.000,240.000,32.684,436.231,144.414,0.064,0.000,,,,,225.666,15.016,13.034,19.650
5052706,,,08/01/2018,12:00:00AM,1465.000,0.000,856.000,33.570,1228.059,237.018,0.064,0.000,,,,,776.500,79.754,10.869,22.701
5052707,,,08/01/2018,12:00:00AM,1537.000,0.000,1718.000,28.888,1371.614,166.381,0.064,0.000,,,,,1650.125,68.035,8.286,20.602
5052708,,,08/01/2018,12:00:00AM,1447.000,0.000,1082.000,40.932,1164.639,282.751,0.066,0.000,,,,,1039.154,43.543,13.027,27.905
5052709,,,08/01/2018,12:00:00AM,1813.000,0.000,1259.000,93.633,1506.262,307.698,0.066,0.000,,,,,1187.557,71.850,18.989,74.644
5052710,,,08/01/2018,12:00:00AM,2565.000,0.000,1851.000,177.956,2155.415,409.863,0.067,0.000,,,,,1758.857,92.758,55.094,122.862
5052711,,,08/01/2018,12:00:00AM,1685.000,0.000,885.000,124.481,1268.351,417.193,0.066,0.000,,,,,870.321,15.140,42.900,81.581
5052712,,,08/01/2018,12:00:00AM,872.000,0.000,124.000,51.680,556.069,316.410,0.067,0.000,,,,,115.554,9.128,28.393,23.287
5052713,,,08/01/2018,12:00:00AM,1981.000,0.000,734.000,325.366,1693.580,287.621,0.066,0.000,,,,,673.603,60.649,147.731,177.635
5052714,,,08/01/2018,12:00:00AM,621.000,0.000,198.000,23.356,532.143,88.931,0.067,0.000,,,,,188.559,9.662,15.152,8.204
5052715,,,08/01/2018,12:00:00AM,498.000,0.000,273.000,7.983,390.955,107.962,0.066,0.000,,,,,221.650,51.905,3.423,4.560
5052716,,,08/01/2018,12:00:00AM,408.000,0.000,195.000,36.033,293.945,114.791,0.066,0.000,,,,,194.737,0.621,16.941,19.092
5052718,,,08/01/2018,12:00:00AM,1813.000,0.000,1118.000,89.639,1519.294,293.841,0.066,0.000,,,,,1056.845,61.659,23.399,66.240
5052719,,,08/01/2018,12:00:00AM,1466.000,0.000,852.000,6.618,1147.833,319.049,0.066,0.000,,,,,791.943,60.161,2.440,4.178
5052720,,,08/01/2018,12:00:00AM,1657.000,0.000,1152.000,5.866,1367.322,290.618,0.066,0.000,,,,,1037.771,114.344,1.806,4.060
5052721,,,08/01/2018,12:00:00AM,658.000,0.000,238.000,20.758,521.311,136.853,0.066,0.000,,,,,195.520,42.573,13.214,7.544
5052722,,,08/01/2018,12:00:00AM,1575.000,0.000,1382.000,50.652,1414.839,160.299,0.066,0.000,,,,,1267.156,115.578,12.566,38.086
5052723,,,08/01/2018,12:00:00AM,1439.000,0.000,398.000,246.321,1192.207,247.256,0.066,0.000,,,,,361.022,37.697,114.344,131.977
5052724,,,08/01/2018,12:00:00AM,1218.000,0.000,202.000,244.181,887.540,330.552,0.066,0.000,,,,,162.995,39.871,137.196,106.985
5052725,,,08/01/2018,12:00:00AM,1646.000,0.000,880.000,0.901,1323.612,323.125,0.066,0.000,,,,,851.977,28.629,0.388,0.513
5052726,,,08/01/2018,12:00:00AM,70.000,0.000,4.000,0.002,44.997,25.911,0.066,0.000,,,,,4.600,0.001,0.002,0.000
5052727,,,08/01/2018,12:00:00AM,479.000,0.000,320.000,32.253,406.550,73.013,0.066,0.000,,,,,285.175,34.948,14.591,17.662
5052728,,,08/01/2018,12:00:00AM,63.000,0.000,21.000,1.226,46.487,17.037,0.075,0.000,,,,,20.364,0.924,0.600,0.626
5052729,,,08/01/2018,12:00:00AM,54.000,0.000,31.000,0.001,33.050,21.826,0.076,0.000,,,,,15.685,15.972,0.001,0.000
5052730,,,08/01/2018,12:00:00AM,298.000,0.000,92.000,103.357,183.684,114.482,0.076,0.000,,,,,70.402,22.517,50.446,52.911
5052731,,,08/01/2018,12:00:00AM,3333.000,0.000,2427.000,298.175,2825.013,508.019,0.076,0.000,,,,,2272.101,155.377,96.755,201.420
5052732,,,08/01/2018,12:00:00AM,775.000,0.000,584.000,86.038,688.523,86.844,0.076,0.000,,,,,580.478,4.494,30.073,55.965
5052733,,,08/01/2018,12:00:00AM,1177.000,0.000,832.000,64.389,985.523,191.491,0.076,0.000,,,,,770.210,62.290,20.717,43.672
5052734,,,08/01/2018,12:00:00AM,945.000,0.000,660.000,86.917,883.798,62.079,0.076,0.000,,,,,660.286,0.140,31.976,54.941
5052735,,,08/01/2018,12:00:00AM,1067.000,0.000,803.000,0.358,921.129,146.516,0.076,0.000,,,,,735.083,68.264,0.091,0.267
5052736,,,08/01/2018,12:00:00AM,2151.000,0.000,1741.000,31.715,1840.598,311.197,0.076,0.000,,,,,1662.255,79.729,8.726,22.989
5052737,,,08/01/2018,12:00:00AM,1299.000,0.000,259.000,134.269,1108.479,191.347,0.076,0.000,,,,,239.652,19.481,65.054,69.215
5052738,,,08/01/2018,12:00:00AM,4405.000,0.000,0.000,474.383,2337.687,2067.654,0.076,0.000,,,,,0.301,0.000,220.039,254.344
5052739,,,08/01/2018,12:00:00AM,1871.000,0.000,1171.000,125.437,1567.039,304.355,0.076,0.000,,,,,1003.288,168.346,23.707,101.730
5052740,,,08/01/2018,12:00:00AM,2080.000,0.000,974.000,408.053,1739.539,341.108,0.076,0.000,,,,,937.791,36.602,162.715,245.338
5052741,,,08/01/2018,12:00:00AM,619.000,0.000,452.000,78.495,527.384,92.512,0.076,0.000,,,,,432.353,20.613,29.539,48.956
5052742,,,08/01/2018,12:00:00AM,865.000,0.000,514.000,133.046,730.632,135.019,0.076,0.000,,,,,497.620,16.683,44.350,88.696
5052743,,,08/01/2018,12:00:00AM,1908.000,0.000,1222.000,34.291,1454.707,453.942,0.076,0.000,,,,,1106.050,116.913,11.610,22.681
5052744,,,08/01/2018,12:00:00AM,205.000,0.000,50.000,22.144,114.322,91.558,0.076,0.000,,,,,29.778,20.470,10.792,11.352
5052745,,,08/01/2018,12:00:00AM,179.000,0.000,32.000,5.719,102.824,76.556,0.076,0.000,,,,,24.465,7.580,2.862,2.857
5052746,,,08/01/2018,12:00:00AM,1056.000,0.000,896.000,6.991,1016.561,40.055,0.076,0.000,,,,,891.707,5.092,2.456,4.535
5052747,,,08/01/2018,12:00:00AM,90.000,0.000,69.000,0.051,75.993,14.677,0.076,0.000,,,,,68.812,0.466,0.051,0.000
5052748,,,08/01/2018,12:00:00AM,635.000,0.000,742.000,0.000,557.622,77.739,0.070,0.000,,,,,661.654,80.733,0.000,0.000
5052749,,,08/01/2018,12:00:00AM,1104.000,0.000,609.000,148.358,875.515,229.412,0.069,0.000,,,,,568.397,40.675,51.675,96.683
5052750,,,08/01/2018,12:00:00AM,4033.000,0.000,1729.000,242.429,2848.190,1185.481,0.069,0.000,,,,,1545.978,183.291,79.847,162.582
5052751,,,08/01/2018,12:00:00AM,1128.000,0.000,625.000,38.334,839.781,288.794,0.070,0.000,,,,,547.260,77.796,14.532,23.802
5052752,,,08/01/2018,12:00:00AM,2018.000,0.000,1140.000,29.743,1637.085,381.306,0.070,0.000,,,,,1076.810,63.736,7.448,22.295
5052753,,,08/01/2018,12:00:00AM,33.000,0.000,2.000,0.001,22.940,10.934,0.070,0.000,,,,,1.772,0.359,0.001,0.000
5052754,,,08/01/2018,12:00:00AM,1023.000,0.000,607.000,34.080,873.224,149.823,0.069,0.000,,,,,586.611,20.850,11.951,22.129
5052755,,,08/01/2018,12:00:00AM,1631.000,0.000,1087.000,321.796,1384.057,247.913,0.070,0.000,,,,,1030.651,56.857,98.004,223.792
5052769,,,08/01/2018,12:00:00AM,290.000,0.000,307.000,9.537,240.849,49.344,0.068,0.000,,,,,299.859,7.435,3.283,6.254
5052806,,,08/01/2018,12:00:00AM,552.000,0.000,681.000,20.093,454.217,98.547,0.073,0.000,,,,,627.298,54.400,7.306,12.787
5052813,,,08/01/2018,12:00:00AM,267.000,0.000,145.000,117.185,180.674,87.153,0.060,0.000,,,,,131.182,14.054,53.883,63.302
5052820,,,08/01/2018,12:00:00AM,221.000,0.000,185.000,44.118,166.303,55.623,0.060,0.000,,,,,146.483,39.167,21.531,22.587
5052822,,,08/01/2018,12:00:00AM,145.000,0.000,102.000,21.200,109.269,36.357,0.060,0.000,,,,,81.208,21.628,9.224,11.976
5052824,,,08/01/2018,12:00:00AM,393.000,0.000,234.000,13.675,261.831,131.704,0.060,0.000,,,,,169.839,64.963,6.421,7.254
5052825,,,08/01/2018,12:00:00AM,190.000,0.000,122.000,10.899,163.559,26.791,0.060,0.000,,,,,121.846,0.800,5.154,5.745
5052826,,,08/01/2018,12:00:00AM,21.000,0.000,1.000,11.050,16.687,4.443,0.060,0.000,,,,,1.281,0.000,5.546,5.504
5052827,,,08/01/2018,12:00:00AM,388.000,0.000,407.000,46.731,333.151,54.919,0.060,0.000,,,,,381.867,25.908,13.652,33.079
5052836,,,08/01/2018,12:00:00AM,658.000,0.000,589.000,0.119,523.480,134.550,0.090,0.000,,,,,454.016,135.942,0.083,0.036
5052837,,,08/01/2018,12:00:00AM,699.000,0.000,538.000,67.296,594.275,104.903,0.090,0.000,,,,,526.646,12.020,23.982,43.314
5052838,,,08/01/2018,12:00:00AM,1700.000,0.000,416.000,94.034,1115.579,584.459,0.090,0.000,,,,,366.448,49.966,27.785,66.249
5052839,,,08/01/2018,12:00:00AM,1197.000,0.000,1064.000,17.651,1012.049,185.271,0.090,0.000,,,,,975.583,88.718,6.074,11.577
5052840,,,08/01/2018,12:00:00AM,853.000,0.000,930.000,0.127,694.686,159.226,0.090,0.000,,,,,785.683,145.109,0.041,0.086
5052841,,,08/01/2018,12:00:00AM,425.000,0.000,304.000,6.639,307.328,118.233,0.091,0.000,,,,,226.050,78.885,3.412,3.227
5052842,,,08/01/2018,12:00:00AM,1479.000,0.000,831.000,28.610,1192.891,287.018,0.091,0.000,,,,,788.685,43.134,8.336,20.274
5052843,,,08/01/2018,12:00:00AM,1457.000,0.000,1311.000,49.647,1210.037,247.355,0.090,0.000,,,,,1210.176,101.400,12.871,36.776
5052844,,,08/01/2018,12:00:00AM,68.000,0.000,4.000,43.093,43.647,25.288,0.090,0.000,,,,,4.191,0.197,21.728,21.365
5052845,,,08/01/2018,12:00:00AM,2673.000,0.000,1257.000,6.353,2240.932,432.240,0.091,0.000,,,,,1170.319,87.178,1.672,4.681
5052846,,,08/01/2018,12:00:00AM,76.000,0.000,52.000,12.359,65.194,11.336,0.090,0.000,,,,,41.685,10.396,5.950,6.409
5052847,,,08/01/2018,12:00:00AM,926.000,0.000,103.000,63.150,634.636,291.810,0.090,0.000,,,,,95.127,8.017,20.811,42.339
5052850,,,08/01/2018,12:00:00AM,410.000,0.000,2.000,370.980,273.894,136.150,0.052,0.000,,,,,2.476,0.040,186.340,184.640
5052853,,,08/01/2018,12:00:00AM,16457.000,0.000,7801.000,0.000,11381.412,5076.363,0.052,0.000,,,,,4955.583,2845.847,0.000,0.000
5052854,,,08/01/2018,12:00:00AM,1174.000,0.000,868.000,0.122,986.019,188.548,0.053,0.000,,,,,783.835,85.121,0.050,0.072
5052855,,,08/01/2018,12:00:00AM,1183.000,0.000,976.000,0.001,1149.170,33.863,0.053,0.000,,,,,950.907,25.145,0.001,0.000
5052868,,,08/01/2018,12:00:00AM,1020.000,0.000,850.000,22.565,739.331,281.287,0.042,0.000,,,,,615.029,235.217,7.989,14.576
5052869,,,08/01/2018,12:00:00AM,145.000,0.000,7.000,119.351,93.773,51.981,0.042,0.000,,,,,7.133,0.350,57.194,62.157
5052870,,,08/01/2018,12:00:00AM,106.000,0.000,30.000,32.740,70.249,36.447,0.042,0.000,,,,,15.929,14.850,17.150,15.590
5052871,,,08/01/2018,12:00:00AM,1265.000,0.000,1103.000,0.004,820.435,445.546,0.042,0.000,,,,,822.341,281.163,0.004,0.000
5052872,,,08/01/2018,12:00:00AM,157.000,0.000,10.000,349.566,92.183,65.580,0.042,0.000,,,,,10.882,0.000,173.300,176.266
5052873,,,08/01/2018,12:00:00AM,295.000,0.000,221.000,1.465,212.629,82.435,0.042,0.000,,,,,166.412,54.897,0.631,0.834
5052874,,,08/01/2018,12:00:00AM,11.000,0.000,1.000,0.001,11.738,0.000,0.042,0.000,,,,,1.159,0.000,0.001,0.000
5052875,,,08/01/2018,12:00:00AM,929.000,0.000,181.000,32.056,517.580,411.748,0.042,0.000,,,,,129.124,52.352,9.808,22.248
5052993,,,08/01/2018,12:00:00AM,2549.000,0.000,1555.000,301.360,2024.212,524.822,0.048,0.000,,,,,1473.196,81.824,62.016,239.344
5053010,,,08/01/2018,12:00:00AM,1289.000,0.000,796.000,119.783,1018.508,270.733,0.066,0.000,,,,,770.360,26.093,38.188,81.595
5053012,,,08/01/2018,12:00:00AM,862.000,0.000,835.000,14.096,690.175,172.806,0.066,0.000,,,,,759.520,76.379,5.083,9.013
5053015,,,08/01/2018,12:00:00AM,537.000,0.000,334.000,44.136,453.245,84.527,0.066,0.000,,,,,330.368,4.176,16.182,27.954
5053016,,,08/01/2018,12:00:00AM,538.000,0.000,270.000,69.521,474.680,64.167,0.066,0.000,,,,,266.559,3.559,17.939,51.582
5053018,,,08/01/2018,12:00:00AM,123.000,0.000,83.000,8.912,94.380,28.741,0.066,0.000,,,,,77.696,5.668,4.164,4.748
5053019,,,08/01/2018,12:00:00AM,98.000,0.000,12.000,90.678,72.606,25.709,0.066,0.000,,,,,12.719,0.000,45.206,45.472
5053020,,,08/01/2018,12:00:00AM,234.000,0.000,106.000,4.413,136.897,97.336,0.066,0.000,,,,,64.250,41.883,2.131,2.282
5053021,,,08/01/2018,12:00:00AM,364.000,0.000,72.000,79.864,232.983,131.549,0.066,0.000,,,,,56.281,16.109,35.693,44.171
5053022,,,08/01/2018,12:00:00AM,1501.000,0.000,1068.000,23.608,1268.012,233.455,0.067,0.000,,,,,947.008,121.794,6.508,17.100
5053023,,,08/01/2018,12:00:00AM,379.000,0.000,327.000,11.918,370.708,8.364,0.066,0.000,,,,,325.149,2.461,3.885,8.033
5053024,,,08/01/2018,12:00:00AM,43.000,0.000,0.000,5.307,32.918,10.764,0.066,0.000,,,,,0.543,0.000,2.693,2.614
5053025,,,08/01/2018,12:00:00AM,246.000,0.000,280.000,96.639,221.023,25.476,0.066,0.000,,,,,264.118,16.327,28.843,67.796
5053026,,,08/01/2018,12:00:00AM,86.000,0.000,5.000,0.285,55.553,31.348,0.066,0.000,,,,,4.687,0.509,0.189,0.096
5053027,,,08/01/2018,12:00:00AM,897.000,0.000,868.000,0.023,751.037,146.753,0.066,0.000,,,,,781.107,87.759,0.023,0.000
5053028,,,08/01/2018,12:00:00AM,254.000,0.000,1.000,106.037,220.651,33.535,0.066,0.000,,,,,1.237,0.112,63.571,42.466
5053029,,,08/01/2018,12:00:00AM,3252.000,0.000,669.000,423.379,2081.814,1170.899,0.066,0.000,,,,,603.463,66.107,107.416,315.963
5053030,,,08/01/2018,12:00:00AM,359.000,0.000,225.000,1.053,239.745,119.928,0.052,0.000,,,,,130.199,95.028,1.034,0.019
5053031,,,08/01/2018,12:00:00AM,660.000,0.000,463.000,26.873,584.770,75.412,0.052,0.000,,,,,452.096,11.510,8.335,18.538
5053032,,,08/01/2018,12:00:00AM,46.000,0.000,3.000,23.991,38.630,7.654,0.052,0.000,,,,,3.490,0.000,11.724,12.267
5053033,,,08/01/2018,12:00:00AM,304.000,0.000,178.000,0.072,179.016,125.244,0.052,0.000,,,,,108.209,69.930,0.072,0.000
5053034,,,08/01/2018,12:00:00AM,948.000,0.000,641.000,2.132,839.514,109.307,0.052,0.000,,,,,582.014,59.500,0.701,1.431
5053035,,,08/01/2018,12:00:00AM,855.000,0.000,510.000,17.164,672.895,182.807,0.052,0.000,,,,,463.115,47.119,5.167,11.997
5053036,,,08/01/2018,12:00:00AM,535.000,0.000,231.000,0.010,352.430,183.385,0.052,0.000,,,,,126.883,104.395,0.010,0.000
5053037,,,08/01/2018,12:00:00AM,347.000,0.000,263.000,38.251,260.756,86.528,0.052,0.000,,,,,252.888,11.017,13.052,25.199
5053038,,,08/01/2018,12:00:00AM,3134.000,0.000,423.000,250.385,2364.260,769.818,0.052,0.000,,,,,383.911,39.317,110.363,140.022
5053039,,,08/01/2018,12:00:00AM,436.000,0.000,21.000,212.460,315.671,121.055,0.052,0.000,,,,,21.720,0.278,110.771,101.689
5053040,,,08/01/2018,12:00:00AM,939.000,0.000,4.000,1230.356,687.172,252.198,0.052,0.000,,,,,4.851,0.000,585.634,644.722
5053041,,,08/01/2018,12:00:00AM,302.000,0.000,119.000,9.625,245.890,56.589,0.052,0.000,,,,,77.929,41.140,6.623,3.002
5053042,,,08/01/2018,12:00:00AM,284.000,0.000,146.000,54.374,221.937,62.218,0.053,0.000,,,,,139.338,6.773,24.233,30.141
5053043,,,08/01/2018,12:00:00AM,18.000,0.000,13.000,0.001,17.993,0.157,0.052,0.000,,,,,9.842,3.392,0.001,0.000
5053046,,,08/01/2018,12:00:00AM,516.000,0.000,36.000,53.020,379.265,137.207,0.052,0.000,,,,,14.697,22.090,38.610,14.410
5053127,,,08/01/2018,12:00:00AM,882.000,0.000,626.000,12.606,717.321,165.268,0.057,0.000,,,,,567.995,58.592,5.791,6.815
5053260,,,08/01/2018,12:00:00AM,739.000,0.000,709.000,19.161,639.096,100.125,0.111,0.000,,,,,681.779,28.150,6.613,12.548
5053262,,,08/01/2018,12:00:00AM,430.000,0.000,264.000,46.315,411.403,19.300,0.111,0.000,,,,,264.479,0.192,16.032,30.283
5053263,,,08/01/2018,12:00:00AM,2348.000,0.000,2594.000,32.907,2103.366,245.623,0.111,0.000,,,,,2483.190,111.537,7.022,25.885
5053264,,,08/01/2018,12:00:00AM,636.000,0.000,549.000,3.397,568.128,68.382,0.111,0.000,,,,,539.116,10.855,1.132,2.265
5053265,,,08/01/2018,12:00:00AM,1642.000,0.000,355.000,71.267,1286.160,356.316,0.111,0.000,,,,,342.595,13.316,40.848,30.419
5053268,,,08/01/2018,12:00:00AM,158.000,0.000,1.000,207.677,114.307,44.268,0.111,0.000,,,,,1.530,0.000,108.317,99.360
5053269,,,08/01/2018,12:00:00AM,421.000,0.000,283.000,0.448,361.951,59.465,0.111,0.000,,,,,267.375,15.744,0.207,0.241
5053331,,,08/01/2018,12:00:00AM,513.000,1.000,403.000,11.926,406.191,107.244,0.720,0.000,,,,,390.462,13.306,4.596,7.330
5053332,,,08/01/2018,12:00:00AM,196.000,1.000,0.000,297.880,170.070,26.127,0.721,0.000,,,,,0.322,0.000,156.477,141.403
5053333,,,08/01/2018,12:00:00AM,1545.000,1.000,10.000,37.177,1420.466,124.878,0.719,0.000,,,,,9.381,1.175,11.457,25.720
5053334,,,08/01/2018,12:00:00AM,6216.000,1.000,2740.000,0.008,2325.877,3890.313,0.718,0.000,,,,,1082.307,1658.452,0.008,0.000
5053335,,,08/01/2018,12:00:00AM,923.000,1.000,150.000,12.887,865.595,58.063,0.722,0.000,,,,,98.495,51.542,11.421,1.466
5053336,,,08/01/2018,12:00:00AM,762.000,1.000,276.000,359.880,499.789,262.849,0.719,0.000,,,,,253.411,23.154,152.637,207.243
5053337,,,08/01/2018,12:00:00AM,76.000,1.000,6.000,0.279,45.459,30.862,0.718,0.000,,,,,5.794,0.579,0.267,0.012
5053338,,,08/01/2018,12:00:00AM,199.000,1.000,29.000,8.097,144.111,55.799,0.724,0.000,,,,,24.388,4.793,5.971,2.126
5053339,,,08/01/2018,12:00:00AM,508.000,1.000,485.000,0.702,370.273,137.799,0.720,0.000,,,,,342.647,143.164,0.294,0.408
5053340,,,08/01/2018,12:00:00AM,1034.000,1.000,704.000,107.403,819.605,214.911,0.721,0.000,,,,,640.732,63.765,27.564,79.839
5053341,,,08/01/2018,12:00:00AM,2451.000,1.000,1071.000,28.770,2133.315,317.745,0.719,0.000,,,,,980.542,91.266,7.088,21.682
5053342,,,08/01/2018,12:00:00AM,462.000,1.000,30.000,97.718,385.948,76.699,0.721,0.000,,,,,30.165,0.000,72.400,25.318
5053343,,,08/01/2018,12:00:00AM,868.000,1.000,32.000,120.828,655.233,213.598,0.719,0.000,,,,,10.874,21.835,97.343,23.485
5053344,,,08/01/2018,12:00:00AM,597.000,1.000,5.000,152.438,498.795,98.406,0.720,0.000,,,,,1.932,3.297,105.693,46.745
5053345,,,08/01/2018,12:00:00AM,791.000,1.000,157.000,130.459,649.272,141.749,0.719,0.000,,,,,145.374,12.337,40.337,90.122
5053346,,,08/01/2018,12:00:00AM,681.000,1.000,106.000,30.743,513.978,167.778,0.719,0.000,,,,,80.909,25.497,22.521,8.222
5053348,,,08/01/2018,12:00:00AM,817.000,1.000,54.000,26.524,484.999,332.741,0.717,0.000,,,,,40.773,13.359,18.294,8.230
5053349,,,08/01/2018,12:00:00AM,375.000,1.000,291.000,27.504,320.234,55.406,0.719,0.000,,,,,284.986,6.755,10.688,16.816
5053352,,,08/01/2018,12:00:00AM,406.000,1.000,367.000,0.195,362.134,44.432,0.721,0.000,,,,,356.806,10.878,0.091,0.104
5053364,,,08/01/2018,12:00:00AM,895.000,1.000,127.000,37.500,805.412,90.587,0.721,0.000,,,,,109.131,18.059,25.993,11.507
5053365,,,08/01/2018,12:00:00AM,358.000,1.000,423.000,19.954,303.579,54.750,0.717,0.000,,,,,399.096,24.903,6.510,13.444
5053382,,,08/01/2018,12:00:00AM,19.000,0.000,0.000,1.576,15.276,3.817,0.048,0.000,,,,,0.804,0.114,0.742,0.834
5053384,,,08/01/2018,12:00:00AM,954.000,0.000,95.000,17.567,419.533,534.779,0.048,0.000,,,,,56.796,39.077,5.002,12.565
5053390,,,08/01/2018,12:00:00AM,690.000,0.000,63.000,60.863,334.479,355.709,0.048,0.000,,,,,36.513,26.725,28.012,32.851
5053429,,,08/01/2018,12:00:00AM,1662.000,0.000,2098.000,33.780,1544.982,117.846,0.170,0.000,,,,,2051.503,47.238,8.552,25.228
5053436,,,08/01/2018,12:00:00AM,5900.000,0.000,0.000,3027.174,3189.266,2710.797,0.076,0.000,,,,,0.533,0.033,1476.084,1551.090
5053439,,,08/01/2018,12:00:00AM,767.000,0.000,490.000,17.390,692.539,75.281,0.076,0.000,,,,,478.930,11.383,4.976,12.414
5053440,,,08/01/2018,12:00:00AM,342.000,0.000,356.000,28.594,319.369,22.809,0.076,0.000,,,,,351.731,4.348,7.256,21.338
5053441,,,08/01/2018,12:00:00AM,1173.000,0.000,771.000,99.422,863.493,310.397,0.077,0.000,,,,,762.599,8.481,31.718,67.704
5053442,,,08/01/2018,12:00:00AM,349.000,0.000,58.000,7.186,316.114,33.678,0.076,0.000,,,,,55.654,3.231,3.474,3.712
5053443,,,08/01/2018,12:00:00AM,715.000,0.000,351.000,13.655,589.652,126.226,0.076,0.000,,,,,287.232,64.597,6.035,7.620
5053444,,,08/01/2018,12:00:00AM,690.000,0.000,359.000,264.829,561.062,128.954,0.076,0.000,,,,,328.039,31.198,86.988,177.841
5053447,,,08/01/2018,12:00:00AM,1087.000,0.000,553.000,155.491,919.961,167.065,0.076,0.000,,,,,548.510,4.526,48.311,107.180
5053448,,,08/01/2018,12:00:00AM,724.000,0.000,583.000,15.778,556.831,167.645,0.076,0.000,,,,,478.480,105.048,4.698,11.080
