MeterID,ServiceLocationID,ESIID,ReadingDate,ReadingTime,kWh,rxKWh,KVARHImprt,KVARhExprt,kWhImprtRateA,kWhImprtRateB,kWhExprtRateA,kWhExprtRateB,kVARhImprtRateA,kVARhImprtRateB,kVARhExprtRateA,kVARhExprtRateB,kVARhTotalRateA,kVARhTotalRateB,ExprtkVARhTotalRateA,ExprtkVARhTotalRateB
1182798,,,07/01/2018,12:00:00AM,6737.000,0.000,,,3375.163,3362.723,0.074,0.000,621.000,622.000,0.000,0.000,,,,
1182799,,,07/01/2018,12:00:00AM,383.000,0.000,,,194.913,188.194,0.074,0.000,52.000,52.000,0.000,0.000,,,,
1182800,,,07/01/2018,12:00:00AM,1431.000,0.000,,,669.324,762.372,0.074,0.000,22.000,13.000,78.000,70.000,,,,
1182801,,,07/01/2018,12:00:00AM,867.000,0.000,,,562.135,305.594,0.074,0.000,135.000,119.000,12.000,6.000,,,,
1182802,,,07/01/2018,12:00:00AM,1400.000,0.000,,,422.952,977.559,0.074,0.000,35.000,76.000,31.000,41.000,,,,
1182803,,,07/01/2018,12:00:00AM,1045.000,0.000,,,412.276,632.830,0.074,0.000,146.000,185.000,36.000,39.000,,,,
1182804,,,07/01/2018,12:00:00AM,3036.000,0.000,,,1611.837,1424.658,0.074,0.000,48.000,44.000,83.000,73.000,,,,
1182805,,,07/01/2018,12:00:00AM,1932.000,0.000,,,966.149,966.320,0.074,0.000,21.000,16.000,263.000,315.000,,,,
1182806,,,07/01/2018,12:00:00AM,938.000,0.000,,,392.586,545.441,0.074,0.000,61.000,52.000,30.000,81.000,,,,
1182807,,,07/01/2018,12:00:00AM,534.000,0.000,,,270.716,263.447,0.074,0.000,0.000,0.000,14.000,10.000,,,,
1182808,,,07/01/2018,12:00:00AM,6.000,0.000,,,6.436,0.016,0.074,0.000,8.000,8.000,0.000,0.000,,,,
1182809,,,07/01/2018,12:00:00AM,1870.000,0.000,,,766.632,1104.319,0.074,0.000,281.000,272.000,29.000,58.000,,,,
1182810,,,07/01/2018,12:00:00AM,1738.000,0.000,,,868.624,869.381,0.074,0.000,114.000,94.000,20.000,22.000,,,,
1182811,,,07/01/2018,12:00:00AM,524.000,0.000,,,284.554,240.241,0.074,0.000,47.000,54.000,4.000,3.000,,,,
1182812,,,07/01/2018,12:00:00AM,1746.000,0.000,,,921.730,824.673,0.074,0.000,30.000,23.000,28.000,30.000,,,,
1182813,,,07/01/2018,12:00:00AM,789.000,0.000,,,208.431,580.734,0.074,0.000,107.000,270.000,0.000,0.000,,,,
1182814,,,07/01/2018,12:00:00AM,973.000,0.000,,,309.148,664.371,0.074,0.000,94.000,151.000,14.000,13.000,,,,
1182815,,,07/01/2018,12:00:00AM,1931.000,0.000,,,770.536,1161.388,0.074,0.000,101.000,67.000,40.000,59.000,,,,
1182816,,,07/01/2018,12:00:00AM,1332.000,0.000,,,517.400,815.356,0.074,0.000,90.000,87.000,44.000,43.000,,,,
1182817,,,07/01/2018,12:00:00AM,785.000,0.000,,,231.125,554.431,0.074,0.000,10.000,27.000,33.000,22.000,,,,
1182818,,,07/01/2018,12:00:00AM,1064.000,0.000,,,237.495,826.831,0.074,0.000,166.000,241.000,5.000,6.000,,,,
1182819,,,07/01/2018,12:00:00AM,867.000,0.000,,,335.484,531.837,0.074,0.000,48.000,30.000,10.000,32.000,,,,
1182820,,,07/01/2018,12:00:00AM,559.000,0.000,,,285.702,273.937,0.074,0.000,181.000,174.000,1.000,1.000,,,,
1182821,,,07/01/2018,12:00:00AM,1524.000,0.000,,,830.307,693.934,0.074,0.000,54.000,9.000,153.000,211.000,,,,
1182822,,,07/01/2018,12:00:00AM,837.000,0.000,,,385.647,451.994,0.074,0.000,30.000,9.000,40.000,44.000,,,,
1182823,,,07/01/2018,12:00:00AM,714.000,0.000,,,325.682,389.040,0.074,0.000,132.000,118.000,15.000,19.000,,,,
1182824,,,07/01/2018,12:00:00AM,896.000,0.000,,,513.129,383.619,0.074,0.000,177.000,182.000,3.000,4.000,,,,
1182825,,,07/01/2018,12:00:00AM,1946.000,0.000,,,1068.060,878.004,0.074,0.000,73.000,106.000,12.000,2.000,,,,
1182826,,,07/01/2018,12:00:00AM,477.000,0.000,,,303.200,173.878,0.074,0.000,65.000,27.000,15.000,19.000,,,,
1182827,,,07/01/2018,12:00:00AM,1790.000,0.000,,,1010.277,780.703,0.074,0.000,271.000,229.000,1.000,0.000,,,,
1182828,,,07/01/2018,12:00:00AM,1405.000,0.000,,,469.526,936.421,0.074,0.000,180.000,129.000,10.000,54.000,,,,
1182829,,,07/01/2018,12:00:00AM,1530.000,0.000,,,706.208,824.616,0.074,0.000,107.000,218.000,39.000,31.000,,,,
1182830,,,07/01/2018,12:00:00AM,1648.000,0.000,,,823.249,825.740,0.074,0.000,48.000,56.000,72.000,46.000,,,,
1182831,,,07/01/2018,12:00:00AM,837.000,0.000,,,462.274,374.734,0.074,0.000,20.000,27.000,13.000,3.000,,,,
1182832,,,07/01/2018,12:00:00AM,769.000,0.000,,,348.113,421.430,0.074,0.000,4.000,1.000,178.000,187.000,,,,
1182833,,,07/01/2018,12:00:00AM,845.000,0.000,,,380.544,464.843,0.074,0.000,65.000,69.000,12.000,8.000,,,,
1182838,,,07/01/2018,12:00:00AM,354.000,0.000,,,193.762,160.748,0.074,0.000,36.000,30.000,5.000,6.000,,,,
1182839,,,07/01/2018,12:00:00AM,1765.000,0.000,,,762.000,1003.522,0.074,0.000,225.000,276.000,18.000,15.000,,,,
1182840,,,07/01/2018,12:00:00AM,847.000,0.000,,,466.796,380.294,0.074,0.000,10.000,4.000,44.000,46.000,,,,
1182841,,,07/01/2018,12:00:00AM,533.000,0.000,,,315.933,218.055,0.074,0.000,8.000,6.000,24.000,17.000,,,,
1182846,,,07/01/2018,12:00:00AM,747.000,0.000,,,257.810,489.874,0.074,0.000,21.000,38.000,18.000,23.000,,,,
1182847,,,07/01/2018,12:00:00AM,1369.000,0.000,,,553.696,815.975,0.074,0.000,34.000,22.000,80.000,142.000,,,,
1182849,,,07/01/2018,12:00:00AM,849.000,0.000,,,454.836,394.342,0.074,0.000,45.000,64.000,14.000,10.000,,,,
1182850,,,07/01/2018,12:00:00AM,1541.000,0.000,,,617.721,924.200,0.074,0.000,117.000,224.000,5.000,5.000,,,,
1182852,,,07/01/2018,12:00:00AM,1290.000,0.000,,,582.332,708.012,0.074,0.000,60.000,83.000,117.000,100.000,,,,
1182860,,,07/01/2018,12:00:00AM,741.000,0.000,,,270.428,471.354,0.074,0.000,148.000,179.000,10.000,12.000,,,,
1182862,,,07/01/2018,12:00:00AM,1034.000,0.000,,,505.321,529.457,0.074,0.000,123.000,146.000,43.000,37.000,,,,
1182863,,,07/01/2018,12:00:00AM,424.000,0.000,,,302.369,122.309,0.074,0.000,49.000,48.000,6.000,1.000,,,,
1182867,,,07/01/2018,12:00:00AM,580.000,0.000,,,256.350,324.218,0.074,0.000,14.000,14.000,52.000,66.000,,,,
1182869,,,07/01/2018,12:00:00AM,553.000,0.000,,,325.430,227.587,0.074,0.000,11.000,13.000,64.000,56.000,,,,
1182870,,,07/01/2018,12:00:00AM,2039.000,0.000,,,814.054,1225.795,0.074,0.000,97.000,139.000,79.000,74.000,,,,
1182871,,,07/01/2018,12:00:00AM,391.000,0.000,,,254.857,136.204,0.074,0.000,37.000,46.000,13.000,6.000,,,,
1182872,,,07/01/2018,12:00:00AM,1505.000,0.000,,,720.542,785.346,0.074,0.000,75.000,64.000,23.000,27.000,,,,
1182874,,,07/01/2018,12:00:00AM,943.000,0.000,,,303.228,640.151,0.074,0.000,40.000,87.000,20.000,13.000,,,,
1182875,,,07/01/2018,12:00:00AM,354.000,0.000,,,204.456,150.280,0.074,0.000,132.000,139.000,3.000,1.000,,,,
1182876,,,07/01/2018,12:00:00AM,1044.000,0.000,,,701.760,342.881,0.074,0.000,214.000,17.000,34.000,51.000,,,,
1182878,,,07/01/2018,12:00:00AM,1741.000,0.000,,,809.520,931.665,0.096,0.000,230.000,242.000,1.000,1.000,,,,
1182879,,,07/01/2018,12:00:00AM,1194.000,0.000,,,515.324,679.457,0.074,0.000,177.000,158.000,9.000,15.000,,,,
1182881,,,07/01/2018,12:00:00AM,1049.000,0.000,,,610.604,439.219,0.074,0.000,39.000,19.000,29.000,35.000,,,,
1182883,,,07/01/2018,12:00:00AM,556.000,0.000,,,264.731,291.297,0.074,0.000,232.000,232.000,2.000,1.000,,,,
1182884,,,07/01/2018,12:00:00AM,726.000,0.000,,,273.372,453.097,0.074,0.000,25.000,31.000,20.000,24.000,,,,
1182885,,,07/01/2018,12:00:00AM,776.000,0.000,,,254.861,521.250,0.074,0.000,27.000,93.000,12.000,12.000,,,,
1182886,,,07/01/2018,12:00:00AM,680.000,0.000,,,476.547,204.434,0.074,0.000,3.000,1.000,33.000,32.000,,,,
1182891,,,07/01/2018,12:00:00AM,631.000,0.000,,,251.512,379.838,0.074,0.000,140.000,156.000,2.000,3.000,,,,
1182898,,,07/01/2018,12:00:00AM,974.000,0.000,,,447.351,527.502,0.074,0.000,26.000,18.000,13.000,11.000,,,,
1182899,,,07/01/2018,12:00:00AM,937.000,0.000,,,468.623,468.930,0.074,0.000,74.000,49.000,3.000,5.000,,,,
1182901,,,07/01/2018,12:00:00AM,881.000,0.000,,,444.978,436.363,0.074,0.000,36.000,93.000,20.000,12.000,,,,
1182902,,,07/01/2018,12:00:00AM,1245.000,0.000,,,570.890,674.621,0.074,0.000,206.000,254.000,0.000,1.000,,,,
1182903,,,07/01/2018,12:00:00AM,1641.000,0.000,,,580.037,1061.505,0.074,0.000,56.000,33.000,17.000,48.000,,,,
1182905,,,07/01/2018,12:00:00AM,1345.000,0.000,,,607.467,738.057,0.074,0.000,158.000,160.000,7.000,5.000,,,,
1182906,,,07/01/2018,12:00:00AM,1157.000,0.000,,,464.910,692.704,0.074,0.000,151.000,187.000,4.000,5.000,,,,
1182908,,,07/01/2018,12:00:00AM,1885.000,0.000,,,865.723,1019.332,0.074,0.000,87.000,88.000,19.000,22.000,,,,
1182909,,,07/01/2018,12:00:00AM,744.000,0.000,,,332.993,411.877,0.074,0.000,96.000,97.000,31.000,38.000,,,,
1182910,,,07/01/2018,12:00:00AM,1174.000,0.000,,,551.427,622.914,0.074,0.000,173.000,146.000,5.000,10.000,,,,
1182911,,,07/01/2018,12:00:00AM,1267.000,0.000,,,528.532,738.994,0.074,0.000,116.000,164.000,6.000,6.000,,,,
1182912,,,07/01/2018,12:00:00AM,1336.000,0.000,,,555.055,781.065,0.074,0.000,275.000,356.000,11.000,14.000,,,,
1182913,,,07/01/2018,12:00:00AM,1605.000,0.000,,,904.103,701.489,0.074,0.000,72.000,178.000,25.000,12.000,,,,
1182914,,,07/01/2018,12:00:00AM,384.000,0.000,,,174.477,210.462,0.074,0.000,54.000,51.000,6.000,8.000,,,,
1182915,,,07/01/2018,12:00:00AM,1035.000,0.000,,,467.138,568.008,0.074,0.000,49.000,31.000,25.000,21.000,,,,
1182916,,,07/01/2018,12:00:00AM,1573.000,0.000,,,901.085,672.052,0.074,0.000,91.000,54.000,108.000,83.000,,,,
1182924,,,07/01/2018,12:00:00AM,1151.000,0.000,,,541.984,609.947,0.148,0.000,83.000,114.000,19.000,13.000,,,,
1182925,,,07/01/2018,12:00:00AM,2674.000,0.000,,,1168.647,1506.055,0.148,0.000,141.000,223.000,10.000,6.000,,,,
1182926,,,07/01/2018,12:00:00AM,1171.000,0.000,,,503.015,668.012,0.148,0.000,18.000,17.000,74.000,79.000,,,,
1182929,,,07/01/2018,12:00:00AM,887.000,0.000,,,311.092,576.695,0.148,0.000,8.000,7.000,91.000,99.000,,,,
1182930,,,07/01/2018,12:00:00AM,651.000,0.000,,,478.159,173.562,0.148,0.000,440.000,129.000,8.000,10.000,,,,
1182931,,,07/01/2018,12:00:00AM,356.000,0.000,,,183.172,173.258,0.148,0.000,142.000,147.000,2.000,2.000,,,,
1182932,,,07/01/2018,12:00:00AM,921.000,0.000,,,403.918,517.112,0.148,0.000,31.000,28.000,25.000,20.000,,,,
1182933,,,07/01/2018,12:00:00AM,640.000,0.000,,,296.725,344.173,0.148,0.000,29.000,49.000,5.000,2.000,,,,
1182934,,,07/01/2018,12:00:00AM,1072.000,0.000,,,732.936,340.001,0.148,0.000,135.000,72.000,4.000,6.000,,,,
1182935,,,07/01/2018,12:00:00AM,1996.000,0.000,,,1063.775,932.500,0.148,0.000,60.000,47.000,183.000,118.000,,,,
1182936,,,07/01/2018,12:00:00AM,1635.000,0.000,,,556.959,1078.366,0.148,0.000,116.000,94.000,7.000,8.000,,,,
1182938,,,07/01/2018,12:00:00AM,1596.000,0.000,,,498.736,1098.002,0.148,0.000,13.000,105.000,84.000,61.000,,,,
1182939,,,07/01/2018,12:00:00AM,1830.000,0.000,,,799.183,1031.525,0.148,0.000,166.000,165.000,2.000,2.000,,,,
1182940,,,07/01/2018,12:00:00AM,476.000,0.000,,,295.388,180.702,0.148,0.000,81.000,59.000,1.000,1.000,,,,
1182947,,,07/01/2018,12:00:00AM,617.000,0.000,,,285.813,331.892,0.148,0.000,229.000,241.000,1.000,1.000,,,,
1182948,,,07/01/2018,12:00:00AM,411.000,0.000,,,166.848,244.278,0.148,0.000,55.000,104.000,13.000,11.000,,,,
1182949,,,07/01/2018,12:00:00AM,1445.000,0.000,,,606.261,838.820,0.148,0.000,4.000,2.000,104.000,115.000,,,,
1182950,,,07/01/2018,12:00:00AM,1490.000,0.000,,,429.064,1061.704,0.148,0.000,94.000,84.000,8.000,12.000,,,,
1182956,,,07/01/2018,12:00:00AM,475.000,0.000,,,183.055,292.278,0.148,0.000,30.000,31.000,0.000,0.000,,,,
1182957,,,07/01/2018,12:00:00AM,1141.000,0.000,,,653.421,488.133,0.148,0.000,91.000,83.000,17.000,17.000,,,,
1182959,,,07/01/2018,12:00:00AM,1070.000,0.000,,,535.967,534.199,0.148,0.000,126.000,117.000,20.000,14.000,,,,
1182960,,,07/01/2018,12:00:00AM,1881.000,0.000,,,789.306,1092.305,0.148,0.000,33.000,103.000,122.000,59.000,,,,
1182962,,,07/01/2018,12:00:00AM,1940.000,0.000,,,1127.580,812.754,0.170,0.000,169.000,248.000,12.000,6.000,,,,
1182964,,,07/01/2018,12:00:00AM,697.000,0.000,,,309.420,387.850,0.148,0.000,96.000,126.000,3.000,2.000,,,,
1182965,,,07/01/2018,12:00:00AM,1002.000,0.000,,,518.761,483.323,0.148,0.000,56.000,109.000,51.000,49.000,,,,
1182966,,,07/01/2018,12:00:00AM,819.000,0.000,,,357.017,462.283,0.148,0.000,38.000,107.000,15.000,12.000,,,,
1182968,,,07/01/2018,12:00:00AM,854.000,0.000,,,320.473,534.502,0.148,0.000,11.000,25.000,42.000,50.000,,,,
1182972,,,07/01/2018,12:00:00AM,1702.000,0.000,,,807.486,895.422,0.148,0.000,182.000,182.000,20.000,24.000,,,,
1182973,,,07/01/2018,12:00:00AM,1198.000,0.000,,,364.392,833.714,0.148,0.000,45.000,138.000,15.000,12.000,,,,
1182976,,,07/01/2018,12:00:00AM,969.000,0.000,,,398.348,571.200,0.148,0.000,134.000,161.000,17.000,15.000,,,,
1182980,,,07/01/2018,12:00:00AM,1760.000,0.000,,,843.205,917.666,0.148,0.000,78.000,87.000,19.000,27.000,,,,
1182982,,,07/01/2018,12:00:00AM,1232.000,0.000,,,378.435,854.190,0.148,0.000,61.000,123.000,38.000,30.000,,,,
1182983,,,07/01/2018,12:00:00AM,588.000,0.000,,,333.392,254.782,0.148,0.000,2.000,0.000,58.000,54.000,,,,
1182985,,,07/01/2018,12:00:00AM,686.000,0.000,,,348.161,338.248,0.148,0.000,0.000,0.000,122.000,121.000,,,,
1182987,,,07/01/2018,12:00:00AM,743.000,0.000,,,188.223,555.252,0.148,0.000,8.000,20.000,81.000,125.000,,,,
1182988,,,07/01/2018,12:00:00AM,937.000,0.000,,,385.270,552.470,0.148,0.000,9.000,18.000,44.000,51.000,,,,
1182991,,,07/01/2018,12:00:00AM,1401.000,0.000,,,499.758,901.807,0.148,0.000,10.000,27.000,75.000,90.000,,,,
1182995,,,07/01/2018,12:00:00AM,718.000,0.000,,,399.981,318.563,0.148,0.000,37.000,17.000,28.000,33.000,,,,
1182997,,,07/01/2018,12:00:00AM,224.000,0.000,,,115.474,109.443,0.148,0.000,0.000,0.000,50.000,50.000,,,,
1182998,,,07/01/2018,12:00:00AM,691.000,0.000,,,286.440,405.289,0.148,0.000,121.000,131.000,2.000,2.000,,,,
1182999,,,07/01/2018,12:00:00AM,1802.000,0.000,,,1040.595,762.345,0.222,0.000,102.000,90.000,21.000,9.000,,,,
1183000,,,07/01/2018,12:00:00AM,605.000,0.000,,,294.891,310.400,0.222,0.000,156.000,154.000,0.000,0.000,,,,
1183001,,,07/01/2018,12:00:00AM,1158.000,0.000,,,573.173,584.855,0.222,0.000,201.000,264.000,2.000,2.000,,,,
1183002,,,07/01/2018,12:00:00AM,727.000,0.000,,,361.845,365.844,0.243,0.000,147.000,171.000,8.000,4.000,,,,
1183003,,,07/01/2018,12:00:00AM,3038.000,0.000,,,1316.426,1721.984,0.222,0.000,118.000,183.000,17.000,10.000,,,,
1183004,,,07/01/2018,12:00:00AM,1277.000,0.000,,,749.211,527.974,0.222,0.000,157.000,104.000,21.000,27.000,,,,
1183005,,,07/01/2018,12:00:00AM,539.000,0.000,,,273.382,266.538,0.222,0.000,0.000,0.000,12.000,12.000,,,,
1183006,,,07/01/2018,12:00:00AM,941.000,0.000,,,442.695,498.515,0.222,0.000,119.000,163.000,36.000,29.000,,,,
1183007,,,07/01/2018,12:00:00AM,317.000,0.000,,,163.068,154.915,0.222,0.000,275.000,267.000,0.000,0.000,,,,
1183008,,,07/01/2018,12:00:00AM,2412.000,0.000,,,1316.425,1096.422,0.222,0.000,146.000,136.000,13.000,11.000,,,,
1183009,,,07/01/2018,12:00:00AM,837.000,0.000,,,326.158,510.872,0.222,0.000,28.000,34.000,22.000,37.000,,,,
1183010,,,07/01/2018,12:00:00AM,1205.000,0.000,,,452.400,753.054,0.222,0.000,109.000,247.000,29.000,26.000,,,,
1183011,,,07/01/2018,12:00:00AM,1808.000,0.000,,,908.161,900.741,0.222,0.000,215.000,160.000,4.000,10.000,,,,
1183012,,,07/01/2018,12:00:00AM,639.000,0.000,,,406.645,233.208,0.222,0.000,27.000,50.000,12.000,2.000,,,,
1183013,,,07/01/2018,12:00:00AM,1406.000,0.000,,,551.716,854.788,0.222,0.000,141.000,174.000,15.000,15.000,,,,
1183014,,,07/01/2018,12:00:00AM,1066.000,0.000,,,383.787,682.833,0.222,0.000,200.000,295.000,1.000,0.000,,,,
1183015,,,07/01/2018,12:00:00AM,1386.000,0.000,,,755.964,630.137,0.222,0.000,13.000,14.000,104.000,84.000,,,,
1183016,,,07/01/2018,12:00:00AM,917.000,0.000,,,468.866,448.340,0.222,0.000,116.000,115.000,26.000,25.000,,,,
1183018,,,07/01/2018,12:00:00AM,2944.000,0.000,,,1195.106,1749.119,0.222,0.000,37.000,82.000,80.000,88.000,,,,
1183019,,,07/01/2018,12:00:00AM,1401.000,0.000,,,434.397,967.406,0.222,0.000,89.000,211.000,11.000,9.000,,,,
1183020,,,07/01/2018,12:00:00AM,896.000,0.000,,,372.253,523.960,0.222,0.000,150.000,182.000,9.000,9.000,,,,
1183021,,,07/01/2018,12:00:00AM,686.000,0.000,,,275.150,410.868,0.222,0.000,48.000,60.000,5.000,10.000,,,,
1183022,,,07/01/2018,12:00:00AM,2083.000,0.000,,,1154.942,928.358,0.222,0.000,57.000,228.000,81.000,61.000,,,,
1183023,,,07/01/2018,12:00:00AM,1839.000,0.000,,,829.328,1009.725,0.222,0.000,213.000,248.000,29.000,25.000,,,,
1183024,,,07/01/2018,12:00:00AM,1840.000,0.000,,,831.585,1008.586,0.222,0.000,135.000,99.000,27.000,31.000,,,,
1183025,,,07/01/2018,12:00:00AM,902.000,0.000,,,429.385,472.924,0.222,0.000,95.000,140.000,4.000,2.000,,,,
1183026,,,07/01/2018,12:00:00AM,843.000,0.000,,,307.986,535.449,0.222,0.000,99.000,152.000,2.000,3.000,,,,
1183027,,,07/01/2018,12:00:00AM,210.000,0.000,,,176.393,34.310,0.222,0.000,18.000,12.000,1.000,0.000,,,,
1183028,,,07/01/2018,12:00:00AM,532.000,0.000,,,248.447,284.175,0.222,0.000,7.000,5.000,74.000,68.000,,,,
1183029,,,07/01/2018,12:00:00AM,1758.000,0.000,,,489.109,1269.569,0.222,0.000,62.000,140.000,25.000,22.000,,,,
1183030,,,07/01/2018,12:00:00AM,317.000,0.000,,,174.520,142.639,0.222,0.000,123.000,115.000,0.000,1.000,,,,
1183031,,,07/01/2018,12:00:00AM,1310.000,0.000,,,703.845,606.292,0.222,0.000,23.000,62.000,51.000,32.000,,,,
1183032,,,07/01/2018,12:00:00AM,1358.000,0.000,,,682.234,676.188,0.222,0.000,32.000,14.000,126.000,97.000,,,,
1183033,,,07/01/2018,12:00:00AM,2037.000,0.000,,,744.826,1292.912,0.222,0.000,133.000,119.000,79.000,85.000,,,,
1183034,,,07/01/2018,12:00:00AM,964.000,0.000,,,530.860,433.196,0.222,0.000,80.000,36.000,2.000,4.000,,,,
1183035,,,07/01/2018,12:00:00AM,2087.000,0.000,,,974.710,1112.742,0.222,0.000,510.000,542.000,0.000,0.000,,,,
1183040,,,07/01/2018,12:00:00AM,1063.000,0.000,,,543.272,520.298,0.148,0.000,79.000,64.000,7.000,8.000,,,,
1183041,,,07/01/2018,12:00:00AM,1520.000,0.000,,,906.852,613.699,0.148,0.000,100.000,110.000,16.000,14.000,,,,
1183044,,,07/01/2018,12:00:00AM,1235.000,0.000,,,643.097,592.692,0.149,0.000,38.000,37.000,72.000,64.000,,,,
1183046,,,07/01/2018,12:00:00AM,1582.000,0.000,,,787.006,795.403,0.148,0.000,195.000,170.000,13.000,14.000,,,,
1183047,,,07/01/2018,12:00:00AM,1062.000,0.000,,,472.377,590.045,0.148,0.000,25.000,193.000,84.000,56.000,,,,
1183048,,,07/01/2018,12:00:00AM,763.000,0.000,,,376.710,386.301,0.149,0.000,8.000,7.000,224.000,261.000,,,,
1183049,,,07/01/2018,12:00:00AM,801.000,0.000,,,328.898,472.564,0.149,0.000,50.000,59.000,1.000,3.000,,,,
1183050,,,07/01/2018,12:00:00AM,790.000,0.000,,,423.631,366.696,0.148,0.000,250.000,223.000,4.000,5.000,,,,
1183051,,,07/01/2018,12:00:00AM,804.000,0.000,,,482.301,322.460,0.149,0.000,216.000,190.000,0.000,0.000,,,,
1183052,,,07/01/2018,12:00:00AM,662.000,0.000,,,358.439,303.837,0.149,0.000,46.000,37.000,9.000,5.000,,,,
1183053,,,07/01/2018,12:00:00AM,421.000,0.000,,,241.438,180.005,0.149,0.000,158.000,151.000,8.000,6.000,,,,
1183057,,,07/01/2018,12:00:00AM,632.000,0.000,,,236.392,396.128,0.149,0.000,126.000,150.000,0.000,0.000,,,,
1183058,,,07/01/2018,12:00:00AM,311.000,0.000,,,181.551,130.415,0.149,0.000,15.000,13.000,0.000,0.000,,,,
1183059,,,07/01/2018,12:00:00AM,918.000,0.000,,,441.809,476.567,0.149,0.000,53.000,44.000,24.000,21.000,,,,
1183060,,,07/01/2018,12:00:00AM,2084.000,0.000,,,1446.732,637.711,0.149,0.000,104.000,26.000,105.000,148.000,,,,
1183061,,,07/01/2018,12:00:00AM,545.000,0.000,,,288.810,256.447,0.149,0.000,95.000,113.000,1.000,0.000,,,,
1183062,,,07/01/2018,12:00:00AM,1667.000,0.000,,,874.369,793.065,0.149,0.000,65.000,82.000,38.000,33.000,,,,
1183063,,,07/01/2018,12:00:00AM,4132.000,0.000,,,1935.360,2197.614,0.149,0.000,138.000,154.000,103.000,88.000,,,,
1183064,,,07/01/2018,12:00:00AM,1443.000,0.000,,,873.749,569.972,0.149,0.000,219.000,147.000,3.000,5.000,,,,
1183065,,,07/01/2018,12:00:00AM,540.000,0.000,,,195.801,344.962,0.149,0.000,18.000,71.000,40.000,39.000,,,,
1183066,,,07/01/2018,12:00:00AM,937.000,0.000,,,413.427,524.095,0.148,0.000,85.000,99.000,28.000,30.000,,,,
1183067,,,07/01/2018,12:00:00AM,1682.000,0.000,,,911.860,770.667,0.149,0.000,189.000,52.000,25.000,83.000,,,,
1183068,,,07/01/2018,12:00:00AM,897.000,0.000,,,498.368,398.978,0.148,0.000,18.000,30.000,50.000,41.000,,,,
1183069,,,07/01/2018,12:00:00AM,673.000,0.000,,,314.988,358.104,0.149,0.000,68.000,56.000,1.000,2.000,,,,
1183070,,,07/01/2018,12:00:00AM,1345.000,0.000,,,664.171,681.778,0.149,0.000,208.000,202.000,8.000,7.000,,,,
1183071,,,07/01/2018,12:00:00AM,1784.000,0.000,,,584.851,1199.948,0.149,0.000,303.000,552.000,0.000,0.000,,,,
1183072,,,07/01/2018,12:00:00AM,886.000,0.000,,,323.076,562.981,0.149,0.000,19.000,80.000,40.000,42.000,,,,
1183073,,,07/01/2018,12:00:00AM,868.000,0.000,,,359.103,509.569,0.149,0.000,17.000,83.000,36.000,39.000,,,,
1183074,,,07/01/2018,12:00:00AM,1770.000,0.000,,,709.419,1061.552,0.149,0.000,44.000,74.000,26.000,27.000,,,,
1183075,,,07/01/2018,12:00:00AM,835.000,0.000,,,250.502,585.053,0.148,0.000,8.000,6.000,44.000,80.000,,,,
1183076,,,07/01/2018,12:00:00AM,928.000,0.000,,,567.384,361.432,0.149,0.000,118.000,100.000,18.000,22.000,,,,
1183078,,,07/01/2018,12:00:00AM,1428.000,0.000,,,702.443,726.231,0.149,0.000,3.000,1.000,549.000,571.000,,,,
1183079,,,07/01/2018,12:00:00AM,860.000,0.000,,,364.956,495.585,0.074,0.000,24.000,13.000,19.000,39.000,,,,
1183080,,,07/01/2018,12:00:00AM,732.000,0.000,,,386.678,346.299,0.074,0.000,98.000,112.000,1.000,1.000,,,,
1183081,,,07/01/2018,12:00:00AM,619.000,0.000,,,230.179,389.157,0.074,0.000,202.000,306.000,5.000,5.000,,,,
1183082,,,07/01/2018,12:00:00AM,602.000,0.000,,,346.005,256.524,0.074,0.000,150.000,133.000,3.000,3.000,,,,
1183083,,,07/01/2018,12:00:00AM,424.000,0.000,,,213.236,210.853,0.096,0.000,202.000,194.000,3.000,3.000,,,,
1183084,,,07/01/2018,12:00:00AM,625.000,0.000,,,318.325,307.399,0.074,0.000,12.000,19.000,29.000,26.000,,,,
1183085,,,07/01/2018,12:00:00AM,618.000,0.000,,,325.539,293.449,0.074,0.000,120.000,35.000,9.000,17.000,,,,
1183086,,,07/01/2018,12:00:00AM,917.000,0.000,,,366.928,551.017,0.074,0.000,55.000,76.000,36.000,45.000,,,,
1183087,,,07/01/2018,12:00:00AM,1007.000,0.000,,,552.366,454.957,0.074,0.000,106.000,181.000,4.000,5.000,,,,
1183088,,,07/01/2018,12:00:00AM,1188.000,0.000,,,393.521,795.395,0.074,0.000,62.000,143.000,23.000,8.000,,,,
1183090,,,07/01/2018,12:00:00AM,976.000,0.000,,,474.270,502.426,0.074,0.000,39.000,21.000,47.000,48.000,,,,
1183091,,,07/01/2018,12:00:00AM,1231.000,0.000,,,547.291,684.442,0.074,0.000,1.000,12.000,84.000,80.000,,,,
1183092,,,07/01/2018,12:00:00AM,924.000,0.000,,,356.749,568.221,0.074,0.000,11.000,23.000,59.000,63.000,,,,
1183093,,,07/01/2018,12:00:00AM,1297.000,0.000,,,398.528,899.432,0.074,0.000,130.000,209.000,25.000,11.000,,,,
1183094,,,07/01/2018,12:00:00AM,1797.000,0.000,,,732.268,1065.117,0.074,0.000,16.000,23.000,46.000,53.000,,,,
1183095,,,07/01/2018,12:00:00AM,631.000,0.000,,,289.023,342.970,0.074,0.000,22.000,11.000,12.000,20.000,,,,
1183096,,,07/01/2018,12:00:00AM,937.000,0.000,,,463.926,473.853,0.074,0.000,0.000,1.000,158.000,170.000,,,,
1183097,,,07/01/2018,12:00:00AM,992.000,0.000,,,427.587,564.580,0.074,0.000,174.000,217.000,7.000,7.000,,,,
1183098,,,07/01/2018,12:00:00AM,787.000,0.000,,,451.072,336.611,0.074,0.000,42.000,31.000,44.000,46.000,,,,
1183099,,,07/01/2018,12:00:00AM,1183.000,0.000,,,408.107,775.841,0.074,0.000,141.000,97.000,8.000,17.000,,,,
1183100,,,07/01/2018,12:00:00AM,1275.000,0.000,,,494.237,781.740,0.074,0.000,128.000,117.000,13.000,15.000,,,,
1183101,,,07/01/2018,12:00:00AM,1143.000,0.000,,,553.573,589.709,0.074,0.000,168.000,132.000,20.000,19.000,,,,
1183102,,,07/01/2018,12:00:00AM,739.000,0.000,,,290.406,449.281,0.074,0.000,99.000,104.000,13.000,16.000,,,,
1183103,,,07/01/2018,12:00:00AM,425.000,0.000,,,249.637,175.744,0.074,0.000,63.000,61.000,20.000,16.000,,,,
1183104,,,07/01/2018,12:00:00AM,968.000,0.000,,,358.067,610.011,0.074,0.000,69.000,61.000,41.000,60.000,,,,
1183105,,,07/01/2018,12:00:00AM,794.000,0.000,,,353.875,440.601,0.074,0.000,12.000,7.000,45.000,44.000,,,,
1183106,,,07/01/2018,12:00:00AM,1131.000,0.000,,,672.616,459.209,0.074,0.000,168.000,150.000,14.000,13.000,,,,
1183107,,,07/01/2018,12:00:00AM,1174.000,0.000,,,773.489,401.385,0.074,0.000,195.000,76.000,2.000,6.000,,,,
1183108,,,07/01/2018,12:00:00AM,692.000,0.000,,,372.424,320.269,0.074,0.000,274.000,283.000,0.000,0.000,,,,
1183109,,,07/01/2018,12:00:00AM,1001.000,0.000,,,475.454,526.204,0.074,0.000,89.000,52.000,37.000,44.000,,,,
1183110,,,07/01/2018,12:00:00AM,1721.000,0.000,,,633.258,1088.677,0.074,0.000,11.000,45.000,54.000,50.000,,,,
1183111,,,07/01/2018,12:00:00AM,977.000,0.000,,,416.320,561.422,0.074,0.000,80.000,99.000,3.000,2.000,,,,
1183112,,,07/01/2018,12:00:00AM,1158.000,0.000,,,494.904,663.194,0.074,0.000,183.000,215.000,5.000,6.000,,,,
1183113,,,07/01/2018,12:00:00AM,821.000,0.000,,,447.058,374.019,0.074,0.000,49.000,37.000,16.000,21.000,,,,
1183114,,,07/01/2018,12:00:00AM,1773.000,0.000,,,997.253,776.059,0.074,0.000,21.000,57.000,145.000,92.000,,,,
1183115,,,07/01/2018,12:00:00AM,1359.000,0.000,,,530.223,829.651,0.074,0.000,135.000,189.000,8.000,6.000,,,,
1183116,,,07/01/2018,12:00:00AM,1361.000,0.000,,,566.067,795.285,0.074,0.000,3.000,1.000,372.000,356.000,,,,
1183117,,,07/01/2018,12:00:00AM,1163.000,0.000,,,586.855,576.322,0.074,0.000,107.000,100.000,25.000,17.000,,,,
1183118,,,07/01/2018,12:00:00AM,1026.000,0.000,,,462.413,564.333,0.074,0.000,57.000,85.000,10.000,10.000,,,,
1183119,,,07/01/2018,12:00:00AM,1088.000,0.000,,,506.202,582.548,0.149,0.000,95.000,112.000,5.000,4.000,,,,
1183120,,,07/01/2018,12:00:00AM,1231.000,0.000,,,499.510,732.133,0.148,0.000,187.000,241.000,1.000,3.000,,,,
1183121,,,07/01/2018,12:00:00AM,1035.000,0.000,,,515.333,520.311,0.149,0.000,46.000,34.000,53.000,71.000,,,,
1183122,,,07/01/2018,12:00:00AM,1225.000,0.000,,,564.295,661.410,0.171,0.000,396.000,423.000,0.000,0.000,,,,
1183123,,,07/01/2018,12:00:00AM,2167.000,0.000,,,1253.249,914.316,0.149,0.000,174.000,156.000,4.000,3.000,,,,
1183124,,,07/01/2018,12:00:00AM,1461.000,0.000,,,774.018,687.187,0.149,0.000,193.000,68.000,87.000,69.000,,,,
1183125,,,07/01/2018,12:00:00AM,1070.000,0.000,,,671.999,398.568,0.149,0.000,85.000,74.000,7.000,5.000,,,,
1183127,,,07/01/2018,12:00:00AM,886.000,0.000,,,464.928,422.063,0.148,0.000,166.000,145.000,4.000,5.000,,,,
1183128,,,07/01/2018,12:00:00AM,1513.000,0.000,,,696.827,816.761,0.148,0.000,40.000,104.000,100.000,45.000,,,,
1183129,,,07/01/2018,12:00:00AM,897.000,0.000,,,483.087,414.593,0.149,0.000,14.000,4.000,141.000,132.000,,,,
1183130,,,07/01/2018,12:00:00AM,1435.000,0.000,,,877.851,557.368,0.148,0.000,13.000,14.000,69.000,38.000,,,,
1183131,,,07/01/2018,12:00:00AM,1403.000,0.000,,,525.082,878.503,0.149,0.000,104.000,140.000,4.000,4.000,,,,
1183132,,,07/01/2018,12:00:00AM,821.000,0.000,,,416.681,404.655,0.149,0.000,17.000,9.000,54.000,33.000,,,,
1183133,,,07/01/2018,12:00:00AM,428.000,0.000,,,219.540,209.054,0.148,0.000,81.000,98.000,2.000,1.000,,,,
1183134,,,07/01/2018,12:00:00AM,1349.000,0.000,,,891.478,457.614,0.149,0.000,27.000,13.000,120.000,75.000,,,,
1183135,,,07/01/2018,12:00:00AM,1584.000,0.000,,,873.972,710.777,0.148,0.000,340.000,244.000,1.000,0.000,,,,
1183137,,,07/01/2018,12:00:00AM,1492.000,0.000,,,727.378,765.346,0.149,0.000,29.000,35.000,19.000,13.000,,,,
1183138,,,07/01/2018,12:00:00AM,1003.000,0.000,,,492.293,511.049,0.149,0.000,115.000,128.000,30.000,29.000,,,,
1183139,,,07/01/2018,12:00:00AM,921.000,0.000,,,394.719,526.861,0.149,0.000,22.000,155.000,36.000,50.000,,,,
1183140,,,07/01/2018,12:00:00AM,830.000,0.000,,,449.749,380.967,0.149,0.000,12.000,22.000,108.000,92.000,,,,
1183141,,,07/01/2018,12:00:00AM,2269.000,0.000,,,1318.896,950.881,0.149,0.000,129.000,210.000,17.000,17.000,,,,
1183142,,,07/01/2018,12:00:00AM,687.000,0.000,,,353.636,333.758,0.149,0.000,22.000,20.000,23.000,26.000,,,,
1183143,,,07/01/2018,12:00:00AM,688.000,0.000,,,370.561,317.968,0.149,0.000,134.000,124.000,5.000,6.000,,,,
1183144,,,07/01/2018,12:00:00AM,884.000,0.000,,,496.862,387.393,0.148,0.000,10.000,30.000,123.000,113.000,,,,
1183145,,,07/01/2018,12:00:00AM,968.000,0.000,,,401.688,567.230,0.149,0.000,67.000,84.000,8.000,11.000,,,,
1183146,,,07/01/2018,12:00:00AM,1817.000,0.000,,,952.078,865.628,0.148,0.000,54.000,21.000,87.000,121.000,,,,
1183147,,,07/01/2018,12:00:00AM,2068.000,0.000,,,767.841,1300.395,0.149,0.000,34.000,83.000,52.000,50.000,,,,
1183148,,,07/01/2018,12:00:00AM,846.000,0.000,,,508.976,337.928,0.148,0.000,12.000,8.000,197.000,185.000,,,,
1183149,,,07/01/2018,12:00:00AM,1181.000,0.000,,,585.331,595.997,0.148,0.000,74.000,60.000,6.000,5.000,,,,
1183150,,,07/01/2018,12:00:00AM,1184.000,0.000,,,478.877,706.008,0.148,0.000,85.000,96.000,19.000,13.000,,,,
1183151,,,07/01/2018,12:00:00AM,1793.000,0.000,,,861.157,932.516,0.149,0.000,149.000,171.000,16.000,11.000,,,,
1183153,,,07/01/2018,12:00:00AM,854.000,0.000,,,403.205,451.110,0.148,0.000,66.000,45.000,18.000,21.000,,,,
1183155,,,07/01/2018,12:00:00AM,1703.000,0.000,,,730.727,972.435,0.149,0.000,291.000,338.000,3.000,5.000,,,,
1183156,,,07/01/2018,12:00:00AM,1078.000,0.000,,,547.928,530.252,0.149,0.000,232.000,233.000,0.000,0.000,,,,
1183158,,,07/01/2018,12:00:00AM,1151.000,0.000,,,406.866,745.067,0.149,0.000,109.000,85.000,13.000,31.000,,,,
1183159,,,07/01/2018,12:00:00AM,461.000,0.000,,,247.594,213.901,0.149,0.000,153.000,164.000,2.000,0.000,,,,
1183160,,,07/01/2018,12:00:00AM,1231.000,0.000,,,719.798,511.269,0.148,0.000,23.000,18.000,48.000,35.000,,,,
1183161,,,07/01/2018,12:00:00AM,6.000,0.000,,,6.411,0.000,0.149,0.000,0.000,0.000,0.000,0.000,,,,
1183162,,,07/01/2018,12:00:00AM,1456.000,0.000,,,607.096,849.124,0.149,0.000,58.000,45.000,77.000,62.000,,,,
1183163,,,07/01/2018,12:00:00AM,406.000,0.000,,,200.393,206.060,0.149,0.000,20.000,33.000,12.000,10.000,,,,
1183164,,,07/01/2018,12:00:00AM,463.000,0.000,,,247.311,216.459,0.148,0.000,3.000,7.000,59.000,57.000,,,,
1183165,,,07/01/2018,12:00:00AM,740.000,0.000,,,375.433,365.030,0.148,0.000,0.000,0.000,94.000,95.000,,,,
1183166,,,07/01/2018,12:00:00AM,6.000,0.000,,,6.424,0.000,0.148,0.000,0.000,0.000,0.000,0.000,,,,
1183168,,,07/01/2018,12:00:00AM,221.000,0.000,,,115.608,105.496,0.149,0.000,11.000,13.000,54.000,52.000,,,,
1183169,,,07/01/2018,12:00:00AM,507.000,0.000,,,243.214,264.293,0.149,0.000,8.000,2.000,62.000,58.000,,,,
1183170,,,07/01/2018,12:00:00AM,605.000,0.000,,,325.121,280.298,0.148,0.000,3.000,1.000,63.000,66.000,,,,
1183174,,,07/01/2018,12:00:00AM,606.000,0.000,,,339.460,266.915,0.148,0.000,168.000,124.000,1.000,1.000,,,,
1183175,,,07/01/2018,12:00:00AM,492.000,0.000,,,250.503,242.363,0.149,0.000,87.000,87.000,0.000,0.000,,,,
1183176,,,07/01/2018,12:00:00AM,10822.000,0.000,,,5457.264,5365.720,0.148,0.000,563.000,550.000,0.000,0.000,,,,
1183177,,,07/01/2018,12:00:00AM,292.000,0.000,,,126.651,165.860,0.149,0.000,62.000,67.000,8.000,13.000,,,,
1183178,,,07/01/2018,12:00:00AM,979.000,0.000,,,490.381,489.016,0.149,0.000,54.000,25.000,20.000,30.000,,,,
1183179,,,07/01/2018,12:00:00AM,245.000,0.000,,,142.863,102.363,0.149,0.000,67.000,43.000,0.000,0.000,,,,
1183180,,,07/01/2018,12:00:00AM,486.000,0.000,,,188.529,297.631,0.149,0.000,57.000,66.000,23.000,21.000,,,,
1183181,,,07/01/2018,12:00:00AM,316.000,0.000,,,173.465,142.624,0.149,0.000,92.000,85.000,1.000,0.000,,,,
1183182,,,07/01/2018,12:00:00AM,382.000,0.000,,,202.817,180.155,0.149,0.000,11.000,10.000,15.000,19.000,,,,
1183183,,,07/01/2018,12:00:00AM,278.000,0.000,,,153.996,124.325,0.148,0.000,128.000,122.000,2.000,1.000,,,,
1183184,,,07/01/2018,12:00:00AM,402.000,0.000,,,210.706,191.569,0.149,0.000,116.000,113.000,0.000,0.000,,,,
1183185,,,07/01/2018,12:00:00AM,304.000,0.000,,,114.917,189.144,0.148,0.000,9.000,20.000,4.000,12.000,,,,
1183186,,,07/01/2018,12:00:00AM,541.000,0.000,,,285.648,255.592,0.149,0.000,30.000,29.000,8.000,11.000,,,,
1183187,,,07/01/2018,12:00:00AM,309.000,0.000,,,171.837,137.506,0.149,0.000,5.000,7.000,18.000,11.000,,,,
1183188,,,07/01/2018,12:00:00AM,1209.000,0.000,,,836.352,372.743,0.149,0.000,101.000,109.000,6.000,3.000,,,,
1183189,,,07/01/2018,12:00:00AM,312.000,0.000,,,159.809,152.521,0.149,0.000,58.000,52.000,0.000,0.000,,,,
1183190,,,07/01/2018,12:00:00AM,509.000,0.000,,,292.692,217.285,0.148,0.000,32.000,32.000,12.000,14.000,,,,
1183191,,,07/01/2018,12:00:00AM,430.000,0.000,,,187.820,242.474,0.149,0.000,22.000,18.000,25.000,31.000,,,,
1183192,,,07/01/2018,12:00:00AM,426.000,0.000,,,182.621,243.897,0.149,0.000,24.000,14.000,28.000,39.000,,,,
1183193,,,07/01/2018,12:00:00AM,746.000,0.000,,,403.968,342.642,0.149,0.000,25.000,8.000,69.000,94.000,,,,
1183194,,,07/01/2018,12:00:00AM,442.000,0.000,,,207.434,234.767,0.148,0.000,27.000,10.000,39.000,44.000,,,,
1183195,,,07/01/2018,12:00:00AM,336.000,0.000,,,144.386,191.679,0.149,0.000,139.000,143.000,1.000,1.000,,,,
1183196,,,07/01/2018,12:00:00AM,401.000,0.000,,,201.460,199.781,0.148,0.000,109.000,135.000,0.000,0.000,,,,
1183197,,,07/01/2018,12:00:00AM,837.000,0.000,,,568.102,269.767,0.148,0.000,81.000,73.000,11.000,10.000,,,,
1183198,,,07/01/2018,12:00:00AM,932.000,0.000,,,476.039,456.251,0.148,0.000,10.000,1.000,142.000,162.000,,,,
1183199,,,07/01/2018,12:00:00AM,380.000,0.000,,,229.715,151.107,0.148,0.000,62.000,59.000,3.000,2.000,,,,
1183200,,,07/01/2018,12:00:00AM,521.000,0.000,,,163.744,358.096,0.148,0.000,53.000,111.000,4.000,2.000,,,,
1183201,,,07/01/2018,12:00:00AM,373.000,0.000,,,179.120,194.614,0.148,0.000,13.000,9.000,52.000,57.000,,,,
1183202,,,07/01/2018,12:00:00AM,646.000,0.000,,,285.865,360.708,0.148,0.000,118.000,127.000,18.000,15.000,,,,
1183203,,,07/01/2018,12:00:00AM,862.000,0.000,,,448.713,413.940,0.148,0.000,24.000,23.000,6.000,8.000,,,,
1183204,,,07/01/2018,12:00:00AM,311.000,0.000,,,177.164,134.188,0.148,0.000,26.000,25.000,9.000,8.000,,,,
1183205,,,07/01/2018,12:00:00AM,781.000,0.000,,,303.366,477.992,0.148,0.000,29.000,77.000,29.000,24.000,,,,
1183206,,,07/01/2018,12:00:00AM,188.000,0.000,,,92.185,96.423,0.148,0.000,68.000,64.000,7.000,7.000,,,,
1183207,,,07/01/2018,12:00:00AM,299.000,0.000,,,172.029,127.452,0.148,0.000,58.000,52.000,41.000,42.000,,,,
1183208,,,07/01/2018,12:00:00AM,547.000,0.000,,,254.021,293.825,0.148,0.000,30.000,13.000,35.000,45.000,,,,
1183209,,,07/01/2018,12:00:00AM,366.000,0.000,,,165.855,200.991,0.148,0.000,23.000,10.000,10.000,15.000,,,,
1183210,,,07/01/2018,12:00:00AM,447.000,0.000,,,235.804,211.476,0.148,0.000,29.000,35.000,22.000,22.000,,,,
1183212,,,07/01/2018,12:00:00AM,172.000,0.000,,,82.845,89.226,0.148,0.000,17.000,26.000,1.000,1.000,,,,
1183214,,,07/01/2018,12:00:00AM,677.000,0.000,,,346.022,331.043,0.148,0.000,79.000,64.000,5.000,7.000,,,,
1183216,,,07/01/2018,12:00:00AM,804.000,0.000,,,358.508,446.059,0.148,0.000,27.000,19.000,49.000,54.000,,,,
1183400,,,07/01/2018,12:00:00AM,464.000,0.000,,,288.868,176.076,0.148,0.000,14.000,12.000,23.000,19.000,,,,
1183401,,,07/01/2018,12:00:00AM,240.000,0.000,,,100.802,139.245,0.148,0.000,9.000,15.000,22.000,26.000,,,,
1183402,,,07/01/2018,12:00:00AM,447.000,0.000,,,228.824,218.260,0.149,0.000,145.000,151.000,0.000,0.000,,,,
1183403,,,07/01/2018,12:00:00AM,822.000,0.000,,,538.968,283.423,0.149,0.000,23.000,18.000,53.000,53.000,,,,
1183404,,,07/01/2018,12:00:00AM,319.000,0.000,,,218.484,100.703,0.149,0.000,26.000,18.000,7.000,0.000,,,,
1183405,,,07/01/2018,12:00:00AM,647.000,0.000,,,355.527,291.572,0.148,0.000,77.000,81.000,3.000,3.000,,,,
1183406,,,07/01/2018,12:00:00AM,16.000,0.000,,,11.366,4.910,0.148,0.000,0.000,0.000,0.000,0.000,,,,
1183409,,,07/01/2018,12:00:00AM,697.000,0.000,,,325.086,372.011,0.148,0.000,18.000,23.000,20.000,29.000,,,,
1183411,,,07/01/2018,12:00:00AM,461.000,0.000,,,264.532,197.218,0.148,0.000,16.000,9.000,3.000,4.000,,,,
1183412,,,07/01/2018,12:00:00AM,338.000,0.000,,,169.964,168.168,0.148,0.000,66.000,71.000,6.000,6.000,,,,
1183413,,,07/01/2018,12:00:00AM,301.000,0.000,,,192.965,108.988,0.149,0.000,10.000,10.000,27.000,23.000,,,,
1183414,,,07/01/2018,12:00:00AM,223.000,0.000,,,116.582,106.815,0.148,0.000,31.000,28.000,3.000,3.000,,,,
1183416,,,07/01/2018,12:00:00AM,620.000,0.000,,,406.799,213.218,0.148,0.000,39.000,12.000,70.000,66.000,,,,
1183418,,,07/01/2018,12:00:00AM,327.000,0.000,,,179.219,148.538,0.148,0.000,26.000,30.000,2.000,2.000,,,,
1183420,,,07/01/2018,12:00:00AM,547.000,0.000,,,223.616,323.516,0.148,0.000,101.000,110.000,0.000,2.000,,,,
1183425,,,07/01/2018,12:00:00AM,960.000,0.000,,,510.678,449.610,0.149,0.000,77.000,88.000,9.000,6.000,,,,
1183426,,,07/01/2018,12:00:00AM,402.000,0.000,,,284.952,117.285,0.148,0.000,152.000,1.000,17.000,27.000,,,,
1183435,,,07/01/2018,12:00:00AM,835.000,0.000,,,675.428,159.919,0.148,0.000,418.000,8.000,24.000,58.000,,,,
1183437,,,07/01/2018,12:00:00AM,346.000,0.000,,,293.980,52.910,0.148,0.000,0.000,0.000,22.000,8.000,,,,
1183438,,,07/01/2018,12:00:00AM,573.000,0.000,,,270.714,302.762,0.148,0.000,2.000,2.000,36.000,46.000,,,,
1183504,,,07/01/2018,12:00:00AM,408.000,0.000,,,254.822,153.851,0.296,0.000,9.000,3.000,15.000,17.000,,,,
1183510,,,07/01/2018,12:00:00AM,534.000,0.000,,,298.499,235.672,0.296,0.000,15.000,4.000,115.000,118.000,,,,
1183519,,,07/01/2018,12:00:00AM,1798.000,0.000,,,1011.741,786.863,0.074,0.000,0.000,2.000,392.000,365.000,,,,
1183520,,,07/01/2018,12:00:00AM,1485.000,0.000,,,1005.497,479.903,0.074,0.000,25.000,7.000,17.000,38.000,,,,
1183521,,,07/01/2018,12:00:00AM,364.000,0.000,,,187.146,177.539,0.074,0.000,98.000,58.000,4.000,5.000,,,,
1183522,,,07/01/2018,12:00:00AM,2001.000,0.000,,,1333.488,667.686,0.074,0.000,71.000,24.000,78.000,150.000,,,,
1183523,,,07/01/2018,12:00:00AM,1088.000,0.000,,,543.837,544.347,0.074,0.000,94.000,101.000,13.000,12.000,,,,
1183524,,,07/01/2018,12:00:00AM,1177.000,0.000,,,855.558,322.080,0.074,0.000,3.000,0.000,135.000,121.000,,,,
1183525,,,07/01/2018,12:00:00AM,842.000,0.000,,,492.212,350.417,0.074,0.000,147.000,88.000,16.000,18.000,,,,
1183526,,,07/01/2018,12:00:00AM,601.000,0.000,,,337.732,264.122,0.074,0.000,26.000,22.000,45.000,38.000,,,,
1183527,,,07/01/2018,12:00:00AM,960.000,0.000,,,609.831,350.666,0.074,0.000,78.000,36.000,6.000,7.000,,,,
1183528,,,07/01/2018,12:00:00AM,69.000,0.000,,,38.541,30.647,0.074,0.000,56.000,53.000,0.000,0.000,,,,
1183529,,,07/01/2018,12:00:00AM,1129.000,0.000,,,549.308,580.021,0.074,0.000,18.000,9.000,36.000,53.000,,,,
1183530,,,07/01/2018,12:00:00AM,165.000,0.000,,,82.779,82.294,0.074,0.000,15.000,15.000,9.000,10.000,,,,
1183531,,,07/01/2018,12:00:00AM,1044.000,0.000,,,602.253,442.568,0.074,0.000,27.000,16.000,142.000,144.000,,,,
1183532,,,07/01/2018,12:00:00AM,1007.000,0.000,,,427.851,579.579,0.074,0.000,294.000,345.000,0.000,0.000,,,,
1183533,,,07/01/2018,12:00:00AM,2010.000,0.000,,,1203.483,807.399,0.074,0.000,84.000,67.000,6.000,2.000,,,,
1183534,,,07/01/2018,12:00:00AM,1324.000,0.000,,,729.326,595.224,0.074,0.000,42.000,32.000,110.000,105.000,,,,
1183536,,,07/01/2018,12:00:00AM,596.000,0.000,,,281.268,315.370,0.074,0.000,68.000,94.000,8.000,6.000,,,,
1183537,,,07/01/2018,12:00:00AM,523.000,0.000,,,259.242,264.377,0.074,0.000,227.000,237.000,0.000,0.000,,,,
1183538,,,07/01/2018,12:00:00AM,1183.000,0.000,,,787.567,395.619,0.074,0.000,1.000,0.000,154.000,145.000,,,,
1183539,,,07/01/2018,12:00:00AM,651.000,0.000,,,362.239,289.623,0.074,0.000,5.000,3.000,180.000,169.000,,,,
1183540,,,07/01/2018,12:00:00AM,352.000,0.000,,,138.797,214.177,0.074,0.000,9.000,8.000,22.000,26.000,,,,
1183541,,,07/01/2018,12:00:00AM,1130.000,0.000,,,638.039,492.556,0.074,0.000,38.000,16.000,43.000,43.000,,,,
1183542,,,07/01/2018,12:00:00AM,226.000,0.000,,,126.217,100.266,0.074,0.000,67.000,46.000,1.000,1.000,,,,
1183545,,,07/01/2018,12:00:00AM,465.000,0.000,,,257.350,208.295,0.074,0.000,67.000,38.000,20.000,22.000,,,,
1183556,,,07/01/2018,12:00:00AM,1460.000,0.000,,,771.013,689.836,0.074,0.000,0.000,0.000,168.000,170.000,,,,
1183557,,,07/01/2018,12:00:00AM,1466.000,0.000,,,527.488,939.288,0.074,0.000,21.000,13.000,52.000,56.000,,,,
1183560,,,07/01/2018,12:00:00AM,1135.000,0.000,,,557.469,578.281,0.074,0.000,119.000,126.000,39.000,36.000,,,,
1183564,,,07/01/2018,12:00:00AM,1307.000,0.000,,,539.089,768.875,0.074,0.000,124.000,119.000,0.000,0.000,,,,
1183565,,,07/01/2018,12:00:00AM,892.000,0.000,,,385.314,507.377,0.074,0.000,12.000,7.000,18.000,17.000,,,,
1183567,,,07/01/2018,12:00:00AM,634.000,0.000,,,338.096,296.112,0.074,0.000,23.000,3.000,36.000,43.000,,,,
1183568,,,07/01/2018,12:00:00AM,1405.000,0.000,,,719.182,685.831,0.074,0.000,321.000,215.000,1.000,2.000,,,,
1183569,,,07/01/2018,12:00:00AM,843.000,0.000,,,477.904,365.675,0.074,0.000,10.000,6.000,17.000,15.000,,,,
1183570,,,07/01/2018,12:00:00AM,886.000,0.000,,,453.001,433.970,0.074,0.000,284.000,291.000,0.000,0.000,,,,
1183571,,,07/01/2018,12:00:00AM,432.000,0.000,,,279.301,152.922,0.074,0.000,1.000,0.000,132.000,155.000,,,,
1183573,,,07/01/2018,12:00:00AM,286.000,0.000,,,164.978,121.674,0.074,0.000,64.000,62.000,6.000,5.000,,,,
1183574,,,07/01/2018,12:00:00AM,69.000,0.000,,,49.463,19.635,0.074,0.000,31.000,28.000,0.000,0.000,,,,
1183575,,,07/01/2018,12:00:00AM,474.000,0.000,,,203.306,271.521,0.074,0.000,7.000,7.000,17.000,17.000,,,,
1183576,,,07/01/2018,12:00:00AM,1712.000,0.000,,,816.261,896.687,0.074,0.000,49.000,48.000,17.000,22.000,,,,
1183577,,,07/01/2018,12:00:00AM,685.000,0.000,,,394.799,290.859,0.074,0.000,19.000,26.000,40.000,18.000,,,,
1183578,,,07/01/2018,12:00:00AM,211.000,0.000,,,108.836,102.549,0.074,0.000,5.000,5.000,26.000,27.000,,,,
1183579,,,07/01/2018,12:00:00AM,637.000,0.000,,,322.931,314.807,0.074,0.000,13.000,25.000,28.000,45.000,,,,
1183580,,,07/01/2018,12:00:00AM,637.000,0.000,,,316.964,320.145,0.074,0.000,56.000,54.000,35.000,28.000,,,,
1183581,,,07/01/2018,12:00:00AM,1207.000,0.000,,,600.627,606.645,0.074,0.000,17.000,7.000,97.000,167.000,,,,
1183582,,,07/01/2018,12:00:00AM,551.000,0.000,,,268.068,283.828,0.074,0.000,223.000,238.000,0.000,0.000,,,,
1183583,,,07/01/2018,12:00:00AM,234.000,0.000,,,197.567,36.460,0.074,0.000,15.000,1.000,1.000,1.000,,,,
1183584,,,07/01/2018,12:00:00AM,1193.000,0.000,,,552.605,640.646,0.074,0.000,143.000,135.000,22.000,26.000,,,,
1183585,,,07/01/2018,12:00:00AM,963.000,0.000,,,497.700,465.880,0.074,0.000,162.000,212.000,2.000,0.000,,,,
1183586,,,07/01/2018,12:00:00AM,992.000,0.000,,,622.847,370.067,0.074,0.000,95.000,51.000,37.000,36.000,,,,
1183587,,,07/01/2018,12:00:00AM,715.000,0.000,,,347.776,367.942,0.074,0.000,77.000,95.000,10.000,4.000,,,,
1183588,,,07/01/2018,12:00:00AM,1367.000,0.000,,,858.425,508.917,0.074,0.000,24.000,2.000,50.000,23.000,,,,
1183589,,,07/01/2018,12:00:00AM,455.000,0.000,,,300.471,155.154,0.074,0.000,165.000,93.000,4.000,3.000,,,,
1183590,,,07/01/2018,12:00:00AM,833.000,0.000,,,440.509,393.101,0.074,0.000,26.000,34.000,60.000,49.000,,,,
1183591,,,07/01/2018,12:00:00AM,249.000,0.000,,,150.144,99.261,0.074,0.000,21.000,14.000,13.000,14.000,,,,
1183592,,,07/01/2018,12:00:00AM,708.000,0.000,,,243.663,464.497,0.074,0.000,70.000,134.000,28.000,6.000,,,,
1183593,,,07/01/2018,12:00:00AM,1236.000,0.000,,,705.328,531.189,0.074,0.000,50.000,34.000,38.000,37.000,,,,
1183594,,,07/01/2018,12:00:00AM,549.000,0.000,,,296.182,253.342,0.074,0.000,12.000,17.000,37.000,32.000,,,,
1183595,,,07/01/2018,12:00:00AM,552.000,0.000,,,303.148,249.048,0.074,0.000,8.000,3.000,63.000,71.000,,,,
1183596,,,07/01/2018,12:00:00AM,1087.000,0.000,,,603.253,484.467,0.074,0.000,340.000,189.000,4.000,13.000,,,,
1183597,,,07/01/2018,12:00:00AM,801.000,0.000,,,367.188,433.841,0.074,0.000,6.000,14.000,68.000,63.000,,,,
1183598,,,07/01/2018,12:00:00AM,505.000,0.000,,,210.823,294.878,0.074,0.000,48.000,48.000,6.000,2.000,,,,
1183599,,,07/01/2018,12:00:00AM,1764.000,0.000,,,1007.924,757.059,0.074,0.000,33.000,22.000,113.000,83.000,,,,
1183680,,,07/01/2018,12:00:00AM,281.000,0.000,,,131.168,150.069,0.074,0.000,92.000,96.000,6.000,6.000,,,,
1183681,,,07/01/2018,12:00:00AM,882.000,0.000,,,567.462,314.618,0.074,0.000,22.000,11.000,51.000,62.000,,,,
1183682,,,07/01/2018,12:00:00AM,452.000,0.000,,,219.430,233.409,0.074,0.000,54.000,45.000,13.000,15.000,,,,
1183683,,,07/01/2018,12:00:00AM,224.000,0.000,,,102.943,121.865,0.074,0.000,13.000,13.000,12.000,15.000,,,,
1183684,,,07/01/2018,12:00:00AM,1206.000,0.000,,,722.678,483.406,0.074,0.000,39.000,63.000,9.000,5.000,,,,
1183685,,,07/01/2018,12:00:00AM,718.000,0.000,,,372.926,345.243,0.074,0.000,53.000,39.000,11.000,15.000,,,,
1183686,,,07/01/2018,12:00:00AM,743.000,0.000,,,463.156,280.662,0.074,0.000,3.000,0.000,69.000,59.000,,,,
1183687,,,07/01/2018,12:00:00AM,767.000,0.000,,,409.625,357.739,0.074,0.000,11.000,38.000,54.000,42.000,,,,
1183688,,,07/01/2018,12:00:00AM,458.000,0.000,,,233.995,224.869,0.074,0.000,24.000,21.000,7.000,11.000,,,,
1183689,,,07/01/2018,12:00:00AM,633.000,0.000,,,473.079,160.509,0.074,0.000,1.000,1.000,149.000,140.000,,,,
1183690,,,07/01/2018,12:00:00AM,215.000,0.000,,,110.878,104.865,0.074,0.000,2.000,3.000,38.000,32.000,,,,
1183691,,,07/01/2018,12:00:00AM,195.000,0.000,,,106.953,88.860,0.074,0.000,35.000,32.000,1.000,0.000,,,,
1183692,,,07/01/2018,12:00:00AM,548.000,0.000,,,251.076,297.852,0.074,0.000,70.000,81.000,15.000,15.000,,,,
1183693,,,07/01/2018,12:00:00AM,522.000,0.000,,,257.238,265.074,0.074,0.000,7.000,13.000,32.000,36.000,,,,
1183694,,,07/01/2018,12:00:00AM,451.000,0.000,,,260.726,191.124,0.074,0.000,38.000,6.000,36.000,42.000,,,,
1183695,,,07/01/2018,12:00:00AM,768.000,0.000,,,345.493,422.648,0.074,0.000,39.000,39.000,34.000,34.000,,,,
1183696,,,07/01/2018,12:00:00AM,443.000,0.000,,,223.599,220.144,0.074,0.000,96.000,99.000,1.000,1.000,,,,
1183697,,,07/01/2018,12:00:00AM,348.000,0.000,,,181.924,167.062,0.074,0.000,5.000,7.000,23.000,21.000,,,,
1183698,,,07/01/2018,12:00:00AM,409.000,0.000,,,219.097,190.721,0.074,0.000,101.000,57.000,0.000,2.000,,,,
1183702,,,07/01/2018,12:00:00AM,233.000,0.000,,,121.803,111.820,0.149,0.000,26.000,24.000,0.000,0.000,,,,
1183732,,,07/01/2018,12:00:00AM,425.000,0.000,,,216.442,208.791,0.149,0.000,29.000,39.000,9.000,11.000,,,,
1183733,,,07/01/2018,12:00:00AM,377.000,0.000,,,191.792,186.095,0.149,0.000,109.000,108.000,5.000,4.000,,,,
1183734,,,07/01/2018,12:00:00AM,1233.000,0.000,,,783.278,449.931,0.148,0.000,0.000,0.000,249.000,189.000,,,,
1183735,,,07/01/2018,12:00:00AM,847.000,0.000,,,427.556,419.788,0.149,0.000,201.000,162.000,12.000,13.000,,,,
1183736,,,07/01/2018,12:00:00AM,556.000,0.000,,,300.165,256.327,0.149,0.000,38.000,20.000,13.000,6.000,,,,
1183738,,,07/01/2018,12:00:00AM,596.000,0.000,,,306.237,290.299,0.149,0.000,33.000,32.000,19.000,19.000,,,,
1183739,,,07/01/2018,12:00:00AM,641.000,0.000,,,359.414,282.107,0.149,0.000,7.000,2.000,27.000,24.000,,,,
1183740,,,07/01/2018,12:00:00AM,452.000,0.000,,,230.828,221.602,0.074,0.000,0.000,0.000,93.000,92.000,,,,
1183741,,,07/01/2018,12:00:00AM,288.000,0.000,,,135.849,152.445,0.074,0.000,66.000,78.000,5.000,5.000,,,,
1183742,,,07/01/2018,12:00:00AM,429.000,0.000,,,185.749,243.594,0.074,0.000,0.000,0.000,50.000,69.000,,,,
1183743,,,07/01/2018,12:00:00AM,207.000,0.000,,,107.853,99.698,0.074,0.000,0.000,0.000,34.000,28.000,,,,
1183744,,,07/01/2018,12:00:00AM,553.000,0.000,,,217.409,335.916,0.074,0.000,0.000,0.000,53.000,55.000,,,,
1183745,,,07/01/2018,12:00:00AM,314.000,0.000,,,180.625,133.596,0.074,0.000,82.000,80.000,9.000,7.000,,,,
1183746,,,07/01/2018,12:00:00AM,552.000,0.000,,,267.848,284.373,0.074,0.000,8.000,3.000,95.000,101.000,,,,
1183747,,,07/01/2018,12:00:00AM,1327.000,0.000,,,608.759,718.994,0.074,0.000,1.000,1.000,135.000,143.000,,,,
1183748,,,07/01/2018,12:00:00AM,486.000,0.000,,,228.818,257.691,0.074,0.000,17.000,14.000,43.000,46.000,,,,
1183760,,,07/01/2018,12:00:00AM,33.000,0.000,,,19.865,13.774,0.074,0.000,0.000,0.000,9.000,8.000,,,,
1183764,,,07/01/2018,12:00:00AM,362.000,0.000,,,258.759,104.172,0.074,0.000,248.000,107.000,0.000,0.000,,,,
1183765,,,07/01/2018,12:00:00AM,57.000,0.000,,,31.774,25.483,0.074,0.000,0.000,0.000,0.000,0.000,,,,
1183766,,,07/01/2018,12:00:00AM,308.000,0.000,,,284.562,24.150,0.074,0.000,221.000,1.000,10.000,20.000,,,,
1183767,,,07/01/2018,12:00:00AM,1900.000,0.000,,,1120.860,780.113,0.074,0.000,1139.000,953.000,0.000,0.000,,,,
1183768,,,07/01/2018,12:00:00AM,196.000,0.000,,,187.667,8.530,0.074,0.000,162.000,1.000,5.000,6.000,,,,
1183769,,,07/01/2018,12:00:00AM,22.000,0.000,,,18.852,3.817,0.074,0.000,4.000,3.000,1.000,0.000,,,,
1183770,,,07/01/2018,12:00:00AM,346.000,0.000,,,164.636,182.335,0.074,0.000,49.000,64.000,6.000,5.000,,,,
1183771,,,07/01/2018,12:00:00AM,139.000,0.000,,,72.739,67.045,0.074,0.000,83.000,83.000,0.000,0.000,,,,
1183772,,,07/01/2018,12:00:00AM,197.000,0.000,,,95.574,102.182,0.074,0.000,20.000,47.000,20.000,15.000,,,,
1183773,,,07/01/2018,12:00:00AM,304.000,0.000,,,175.774,128.324,0.074,0.000,24.000,19.000,2.000,2.000,,,,
1183791,,,07/01/2018,12:00:00AM,95.000,0.000,,,51.100,44.162,0.074,0.000,21.000,20.000,0.000,0.000,,,,
1183792,,,07/01/2018,12:00:00AM,375.000,0.000,,,157.860,217.514,0.074,0.000,3.000,4.000,101.000,99.000,,,,
1183793,,,07/01/2018,12:00:00AM,327.000,0.000,,,156.073,171.655,0.074,0.000,73.000,78.000,0.000,0.000,,,,
1183794,,,07/01/2018,12:00:00AM,419.000,0.000,,,167.313,252.459,0.074,0.000,9.000,7.000,45.000,52.000,,,,
1183795,,,07/01/2018,12:00:00AM,201.000,0.000,,,124.569,76.993,0.074,0.000,18.000,23.000,6.000,5.000,,,,
1183796,,,07/01/2018,12:00:00AM,721.000,0.000,,,589.585,131.440,0.074,0.000,545.000,61.000,0.000,27.000,,,,
1183797,,,07/01/2018,12:00:00AM,1221.000,0.000,,,768.346,452.944,0.074,0.000,368.000,369.000,19.000,8.000,,,,
1183798,,,07/01/2018,12:00:00AM,78.000,0.000,,,30.939,47.694,0.074,0.000,2.000,6.000,8.000,12.000,,,,
1183799,,,07/01/2018,12:00:00AM,1259.000,0.000,,,1134.455,124.725,0.074,0.000,1105.000,54.000,29.000,88.000,,,,
1183810,,,07/01/2018,12:00:00AM,487.000,0.000,,,228.213,259.464,0.149,0.000,57.000,58.000,20.000,21.000,,,,
1183811,,,07/01/2018,12:00:00AM,431.000,0.000,,,215.790,215.471,0.149,0.000,0.000,0.000,40.000,45.000,,,,
1183812,,,07/01/2018,12:00:00AM,645.000,0.000,,,424.574,220.906,0.149,0.000,51.000,45.000,17.000,21.000,,,,
1183813,,,07/01/2018,12:00:00AM,592.000,0.000,,,302.282,290.060,0.148,0.000,103.000,101.000,0.000,0.000,,,,
1183814,,,07/01/2018,12:00:00AM,719.000,0.000,,,288.294,430.778,0.149,0.000,134.000,167.000,2.000,3.000,,,,
1183815,,,07/01/2018,12:00:00AM,285.000,0.000,,,138.009,147.389,0.149,0.000,1.000,1.000,38.000,34.000,,,,
1183816,,,07/01/2018,12:00:00AM,387.000,0.000,,,217.250,170.487,0.149,0.000,35.000,18.000,7.000,12.000,,,,
1183818,,,07/01/2018,12:00:00AM,766.000,0.000,,,338.138,428.713,0.149,0.000,8.000,5.000,36.000,49.000,,,,
1183819,,,07/01/2018,12:00:00AM,316.000,0.000,,,174.590,141.998,0.149,0.000,78.000,57.000,11.000,12.000,,,,
1183820,,,07/01/2018,12:00:00AM,356.000,0.000,,,173.732,182.422,0.149,0.000,15.000,15.000,10.000,9.000,,,,
1183821,,,07/01/2018,12:00:00AM,412.000,0.000,,,205.836,206.350,0.149,0.000,5.000,4.000,55.000,63.000,,,,
1183822,,,07/01/2018,12:00:00AM,233.000,0.000,,,127.762,106.180,0.149,0.000,3.000,3.000,27.000,31.000,,,,
1183823,,,07/01/2018,12:00:00AM,532.000,0.000,,,339.526,193.000,0.149,0.000,17.000,6.000,15.000,11.000,,,,
1183829,,,07/01/2018,12:00:00AM,364.000,0.000,,,238.218,126.593,0.149,0.000,28.000,21.000,6.000,4.000,,,,
1183830,,,07/01/2018,12:00:00AM,403.000,0.000,,,227.823,175.615,0.149,0.000,28.000,29.000,1.000,1.000,,,,
1183831,,,07/01/2018,12:00:00AM,436.000,0.000,,,153.765,282.707,0.149,0.000,88.000,73.000,3.000,9.000,,,,
1183832,,,07/01/2018,12:00:00AM,48.000,0.000,,,33.132,15.073,0.149,0.000,0.000,0.000,10.000,8.000,,,,
1183833,,,07/01/2018,12:00:00AM,347.000,0.000,,,175.309,172.615,0.149,0.000,6.000,31.000,31.000,33.000,,,,
1183834,,,07/01/2018,12:00:00AM,200.000,0.000,,,83.235,117.080,0.149,0.000,57.000,52.000,0.000,2.000,,,,
1183835,,,07/01/2018,12:00:00AM,282.000,0.000,,,177.529,104.823,0.149,0.000,59.000,61.000,4.000,3.000,,,,
1183846,,,07/01/2018,12:00:00AM,94.000,0.000,,,50.538,43.947,0.148,0.000,0.000,0.000,8.000,8.000,,,,
1183847,,,07/01/2018,12:00:00AM,162.000,0.000,,,89.434,72.604,0.148,0.000,13.000,7.000,2.000,3.000,,,,
1183848,,,07/01/2018,12:00:00AM,365.000,0.000,,,237.281,128.426,0.148,0.000,9.000,5.000,17.000,19.000,,,,
1183849,,,07/01/2018,12:00:00AM,131.000,0.000,,,95.352,36.600,0.148,0.000,16.000,4.000,10.000,6.000,,,,
1183850,,,07/01/2018,12:00:00AM,342.000,0.000,,,175.162,167.320,0.148,0.000,34.000,27.000,6.000,6.000,,,,
1183851,,,07/01/2018,12:00:00AM,157.000,0.000,,,97.286,60.092,0.148,0.000,22.000,20.000,2.000,3.000,,,,
1183858,,,07/01/2018,12:00:00AM,284.000,0.000,,,158.157,126.239,0.148,0.000,3.000,1.000,14.000,15.000,,,,
1183859,,,07/01/2018,12:00:00AM,400.000,0.000,,,107.630,293.141,0.148,0.000,96.000,167.000,0.000,0.000,,,,
1183860,,,07/01/2018,12:00:00AM,188.000,0.000,,,124.571,63.664,0.148,0.000,6.000,8.000,27.000,23.000,,,,
1183861,,,07/01/2018,12:00:00AM,268.000,0.000,,,160.798,107.816,0.148,0.000,7.000,6.000,13.000,11.000,,,,
1183862,,,07/01/2018,12:00:00AM,536.000,0.000,,,251.350,285.615,0.148,0.000,53.000,76.000,6.000,5.000,,,,
1183863,,,07/01/2018,12:00:00AM,346.000,0.000,,,207.939,138.263,0.148,0.000,37.000,33.000,8.000,12.000,,,,
1183864,,,07/01/2018,12:00:00AM,263.000,0.000,,,160.147,103.553,0.148,0.000,10.000,3.000,12.000,16.000,,,,
1183865,,,07/01/2018,12:00:00AM,346.000,0.000,,,207.033,139.700,0.148,0.000,18.000,19.000,4.000,1.000,,,,
1183866,,,07/01/2018,12:00:00AM,477.000,0.000,,,203.568,274.263,0.148,0.000,12.000,18.000,8.000,4.000,,,,
1183867,,,07/01/2018,12:00:00AM,190.000,0.000,,,101.727,89.134,0.148,0.000,1.000,1.000,103.000,105.000,,,,
1183868,,,07/01/2018,12:00:00AM,527.000,0.000,,,237.666,289.740,0.148,0.000,26.000,24.000,1.000,3.000,,,,
1183869,,,07/01/2018,12:00:00AM,377.000,0.000,,,171.778,206.046,0.148,0.000,28.000,26.000,18.000,17.000,,,,
1183870,,,07/01/2018,12:00:00AM,709.000,0.000,,,367.426,342.443,0.148,0.000,65.000,73.000,1.000,1.000,,,,
1183871,,,07/01/2018,12:00:00AM,422.000,0.000,,,248.223,173.879,0.148,0.000,80.000,57.000,2.000,2.000,,,,
1183872,,,07/01/2018,12:00:00AM,451.000,0.000,,,203.438,248.288,0.148,0.000,11.000,7.000,13.000,21.000,,,,
1183873,,,07/01/2018,12:00:00AM,125.000,0.000,,,57.706,67.728,0.148,0.000,31.000,34.000,1.000,1.000,,,,
1183874,,,07/01/2018,12:00:00AM,174.000,0.000,,,83.827,91.089,0.148,0.000,16.000,13.000,9.000,9.000,,,,
1183875,,,07/01/2018,12:00:00AM,1007.000,0.000,,,495.812,511.652,0.148,0.000,18.000,18.000,5.000,5.000,,,,
1183876,,,07/01/2018,12:00:00AM,256.000,0.000,,,131.428,125.076,0.148,0.000,4.000,10.000,31.000,23.000,,,,
1183877,,,07/01/2018,12:00:00AM,294.000,0.000,,,139.706,154.319,0.148,0.000,59.000,95.000,1.000,0.000,,,,
1183878,,,07/01/2018,12:00:00AM,500.000,0.000,,,361.917,138.759,0.148,0.000,56.000,42.000,4.000,4.000,,,,
1183880,,,07/01/2018,12:00:00AM,463.000,0.000,,,284.025,179.864,0.074,0.000,82.000,35.000,6.000,10.000,,,,
1183881,,,07/01/2018,12:00:00AM,359.000,0.000,,,215.392,143.722,0.074,0.000,20.000,15.000,6.000,7.000,,,,
1183882,,,07/01/2018,12:00:00AM,318.000,0.000,,,158.382,160.207,0.074,0.000,66.000,65.000,5.000,7.000,,,,
1183883,,,07/01/2018,12:00:00AM,198.000,0.000,,,196.024,2.113,0.074,0.000,6.000,0.000,0.000,0.000,,,,
1183884,,,07/01/2018,12:00:00AM,255.000,0.000,,,113.573,142.316,0.074,0.000,1.000,1.000,12.000,13.000,,,,
1183885,,,07/01/2018,12:00:00AM,365.000,0.000,,,183.879,181.615,0.074,0.000,9.000,5.000,22.000,30.000,,,,
1183887,,,07/01/2018,12:00:00AM,498.000,0.000,,,302.878,195.602,0.074,0.000,19.000,20.000,8.000,6.000,,,,
1183888,,,07/01/2018,12:00:00AM,469.000,0.000,,,216.907,253.053,0.074,0.000,97.000,112.000,9.000,10.000,,,,
1183889,,,07/01/2018,12:00:00AM,172.000,0.000,,,72.223,100.094,0.074,0.000,32.000,32.000,6.000,10.000,,,,
1183890,,,07/01/2018,12:00:00AM,695.000,0.000,,,262.007,433.978,0.074,0.000,8.000,34.000,36.000,17.000,,,,
1183891,,,07/01/2018,12:00:00AM,219.000,0.000,,,112.480,107.418,0.074,0.000,7.000,7.000,8.000,8.000,,,,
1183892,,,07/01/2018,12:00:00AM,782.000,0.000,,,483.610,299.146,0.074,0.000,15.000,3.000,24.000,18.000,,,,
1183893,,,07/01/2018,12:00:00AM,675.000,0.000,,,404.161,270.857,0.074,0.000,1.000,3.000,72.000,57.000,,,,
1183898,,,07/01/2018,12:00:00AM,426.000,0.000,,,212.719,214.007,0.074,0.000,0.000,0.000,126.000,122.000,,,,
1183899,,,07/01/2018,12:00:00AM,195.000,0.000,,,125.548,70.018,0.074,0.000,46.000,38.000,11.000,12.000,,,,
1183900,,,07/01/2018,12:00:00AM,692.000,0.000,,,230.494,462.242,0.074,0.000,61.000,75.000,4.000,5.000,,,,
1183901,,,07/01/2018,12:00:00AM,456.000,0.000,,,246.618,209.719,0.074,0.000,131.000,116.000,0.000,0.000,,,,
1183902,,,07/01/2018,12:00:00AM,635.000,0.000,,,308.920,326.185,0.074,0.000,6.000,15.000,37.000,41.000,,,,
1183903,,,07/01/2018,12:00:00AM,157.000,0.000,,,90.928,66.515,0.074,0.000,48.000,45.000,4.000,5.000,,,,
1183904,,,07/01/2018,12:00:00AM,278.000,0.000,,,121.288,156.823,0.074,0.000,15.000,11.000,9.000,17.000,,,,
1183905,,,07/01/2018,12:00:00AM,442.000,0.000,,,164.181,278.213,0.074,0.000,56.000,71.000,10.000,16.000,,,,
1183906,,,07/01/2018,12:00:00AM,388.000,0.000,,,205.706,182.527,0.074,0.000,18.000,18.000,9.000,14.000,,,,
1183907,,,07/01/2018,12:00:00AM,87.000,0.000,,,86.505,1.053,0.074,0.000,2.000,0.000,2.000,0.000,,,,
1183908,,,07/01/2018,12:00:00AM,610.000,0.000,,,324.702,285.383,0.074,0.000,9.000,5.000,50.000,55.000,,,,
1183909,,,07/01/2018,12:00:00AM,259.000,0.000,,,143.880,115.261,0.074,0.000,64.000,64.000,9.000,9.000,,,,
1183910,,,07/01/2018,12:00:00AM,387.000,0.000,,,188.783,199.203,0.074,0.000,0.000,0.000,167.000,171.000,,,,
1183911,,,07/01/2018,12:00:00AM,354.000,0.000,,,173.522,180.634,0.074,0.000,2.000,0.000,150.000,152.000,,,,
1183912,,,07/01/2018,12:00:00AM,393.000,0.000,,,226.184,167.432,0.074,0.000,6.000,0.000,199.000,204.000,,,,
1183913,,,07/01/2018,12:00:00AM,349.000,0.000,,,178.760,171.144,0.074,0.000,41.000,38.000,0.000,0.000,,,,
1183914,,,07/01/2018,12:00:00AM,183.000,0.000,,,95.611,87.508,0.074,0.000,6.000,11.000,9.000,6.000,,,,
1183915,,,07/01/2018,12:00:00AM,305.000,0.000,,,208.588,96.515,0.074,0.000,7.000,2.000,19.000,22.000,,,,
1183919,,,07/01/2018,12:00:00AM,603.000,0.000,,,326.947,276.452,0.074,0.000,38.000,24.000,11.000,11.000,,,,
1184121,,,07/01/2018,12:00:00AM,17.000,0.000,,,11.969,5.353,0.075,0.000,2.000,2.000,0.000,0.000,,,,
5052332,,,07/01/2018,12:00:00AM,2212.000,0.000,375.000,39.248,891.307,1321.443,0.183,0.000,,,,,148.484,226.664,21.906,17.342
5052470,,,07/01/2018,12:00:00AM,2125.000,0.000,1163.000,165.510,1820.734,304.559,0.157,0.000,,,,,1105.591,57.610,35.732,129.778
5052471,,,07/01/2018,12:00:00AM,865.000,0.000,1000.000,0.005,452.878,412.954,0.156,0.000,,,,,512.655,487.499,0.005,0.000
5052473,,,07/01/2018,12:00:00AM,9534.000,0.000,5051.000,0.006,3345.883,6188.799,0.157,0.000,,,,,1704.744,3346.430,0.006,0.000
5052474,,,07/01/2018,12:00:00AM,5738.000,0.000,2451.000,1.300,2219.354,3518.662,0.157,0.000,,,,,1014.522,1436.658,0.640,0.660
5052475,,,07/01/2018,12:00:00AM,11424.000,0.000,6831.000,0.037,4570.291,6853.783,0.156,0.000,,,,,2920.184,3911.715,0.037,0.000
5052476,,,07/01/2018,12:00:00AM,5371.000,0.000,2240.000,2.280,1721.533,3650.381,0.156,0.000,,,,,868.268,1372.326,0.525,1.755
5052477,,,07/01/2018,12:00:00AM,5884.000,0.000,3596.000,18.511,996.254,4888.742,0.157,0.000,,,,,743.546,2853.429,14.832,3.679
5052478,,,07/01/2018,12:00:00AM,8351.000,0.000,3291.000,20.240,3461.419,4890.078,0.156,0.000,,,,,1338.866,1952.473,8.049,12.191
5052479,,,07/01/2018,12:00:00AM,20095.000,0.000,8395.000,1.682,13682.693,6413.097,0.156,0.000,,,,,4970.558,3424.958,0.764,0.918
5052481,,,07/01/2018,12:00:00AM,4617.000,0.000,711.000,3.045,1707.987,2909.089,0.157,0.000,,,,,296.615,414.472,0.803,2.242
5052482,,,07/01/2018,12:00:00AM,8912.000,0.000,5130.000,1.689,2069.058,6843.085,0.156,0.000,,,,,1316.963,3813.910,1.208,0.481
5052483,,,07/01/2018,12:00:00AM,1975.000,0.000,0.000,571.095,1517.391,458.498,0.156,0.000,,,,,0.945,0.003,333.332,237.763
5052488,,,07/01/2018,12:00:00AM,6157.000,0.000,2590.000,69.392,2592.123,3565.163,0.104,0.000,,,,,1073.991,1516.274,39.796,29.596
5052489,,,07/01/2018,12:00:00AM,2022.000,0.000,1493.000,147.771,1864.779,157.854,0.105,0.000,,,,,1480.277,13.253,51.428,96.343
5052490,,,07/01/2018,12:00:00AM,12558.000,0.000,5700.000,0.872,7521.772,5036.345,0.104,0.000,,,,,3177.796,2522.490,0.621,0.251
5052491,,,07/01/2018,12:00:00AM,2465.000,0.000,2016.000,0.006,1910.189,554.844,0.105,0.000,,,,,1823.210,193.221,0.006,0.000
5052492,,,07/01/2018,12:00:00AM,4286.000,0.000,2152.000,0.004,1630.915,2656.076,0.105,0.000,,,,,899.886,1252.600,0.004,0.000
5052493,,,07/01/2018,12:00:00AM,6196.000,0.000,3547.000,0.154,1766.072,4430.734,0.104,0.000,,,,,1110.503,2437.387,0.013,0.141
5052494,,,07/01/2018,12:00:00AM,3012.000,0.000,2430.000,11.879,2355.496,656.600,0.105,0.000,,,,,2106.086,324.703,4.765,7.114
5052495,,,07/01/2018,12:00:00AM,3800.000,0.000,2969.000,26.419,2634.599,1166.128,0.105,0.000,,,,,1972.936,996.944,10.330,16.089
5052496,,,07/01/2018,12:00:00AM,24597.000,0.000,5692.000,0.007,17201.412,7396.080,0.105,0.000,,,,,3049.139,2643.451,0.007,0.000
5052497,,,07/01/2018,12:00:00AM,113.000,0.000,88.000,0.212,104.400,9.133,0.105,0.000,,,,,83.583,4.975,0.212,0.000
5052498,,,07/01/2018,12:00:00AM,1015.000,0.000,924.000,45.837,843.032,172.124,0.105,0.000,,,,,800.560,123.573,18.310,27.527
5052499,,,07/01/2018,12:00:00AM,156.000,0.000,201.000,0.005,103.937,52.231,0.105,0.000,,,,,125.989,75.592,0.005,0.000
5052500,,,07/01/2018,12:00:00AM,4478.000,0.000,2554.000,36.901,3137.194,1341.155,0.105,0.000,,,,,1558.830,995.232,13.888,23.013
5052501,,,07/01/2018,12:00:00AM,279.000,0.000,23.000,2.725,264.607,14.610,0.105,0.000,,,,,13.170,10.749,2.725,0.000
5052502,,,07/01/2018,12:00:00AM,8379.000,0.000,4519.000,84.496,6933.467,1446.511,0.105,0.000,,,,,4442.707,76.979,15.724,68.772
5052503,,,07/01/2018,12:00:00AM,4411.000,0.000,4960.000,46.977,4008.836,402.258,0.105,0.000,,,,,4648.227,312.356,7.621,39.356
5052504,,,07/01/2018,12:00:00AM,3275.000,0.000,17.000,360.154,1992.195,1283.691,0.105,0.000,,,,,5.159,12.216,215.310,144.844
5052505,,,07/01/2018,12:00:00AM,889.000,0.000,52.000,70.699,748.827,140.355,0.105,0.000,,,,,19.865,32.272,69.080,1.619
5052506,,,07/01/2018,12:00:00AM,432.000,0.000,7.000,63.444,243.264,188.944,0.104,0.000,,,,,5.251,2.429,30.815,32.629
5052507,,,07/01/2018,12:00:00AM,658.000,0.000,137.000,145.609,575.692,82.309,0.105,0.000,,,,,137.069,0.222,82.406,63.203
5052508,,,07/01/2018,12:00:00AM,1923.000,0.000,1451.000,14.586,1464.468,459.446,0.105,0.000,,,,,1281.318,170.034,4.435,10.151
5052509,,,07/01/2018,12:00:00AM,704.000,0.000,228.000,37.081,369.057,335.699,0.105,0.000,,,,,116.997,111.776,18.823,18.258
5052510,,,07/01/2018,12:00:00AM,514.000,0.000,0.000,229.792,401.286,112.855,0.105,0.000,,,,,0.557,0.000,125.404,104.388
5052511,,,07/01/2018,12:00:00AM,704.000,0.000,1.000,526.495,515.620,189.305,0.105,0.000,,,,,1.574,0.000,273.818,252.677
5052512,,,07/01/2018,12:00:00AM,615.000,0.000,602.000,6.251,495.022,120.139,0.105,0.000,,,,,545.497,56.524,2.628,3.623
5052513,,,07/01/2018,12:00:00AM,2481.000,0.000,0.000,1293.723,2132.428,349.500,0.105,0.000,,,,,0.346,0.000,707.907,585.816
5052514,,,07/01/2018,12:00:00AM,720.000,0.000,642.000,5.295,560.928,159.120,0.105,0.000,,,,,565.663,76.999,2.194,3.101
5052515,,,07/01/2018,12:00:00AM,761.000,0.000,143.000,77.261,542.398,219.544,0.105,0.000,,,,,140.770,2.575,44.304,32.957
5052516,,,07/01/2018,12:00:00AM,1179.000,0.000,272.000,0.367,845.956,333.929,0.105,0.000,,,,,176.180,96.245,0.275,0.092
5052517,,,07/01/2018,12:00:00AM,673.000,0.000,114.000,33.647,616.442,56.605,0.105,0.000,,,,,95.534,18.761,24.536,9.111
5052524,,,07/01/2018,12:00:00AM,1091.000,0.000,449.000,123.284,570.269,521.269,0.105,0.000,,,,,236.164,213.190,61.318,61.966
5052525,,,07/01/2018,12:00:00AM,1938.000,0.000,1099.000,170.759,1772.403,166.292,0.104,0.000,,,,,1091.475,8.174,54.087,116.672
5052526,,,07/01/2018,12:00:00AM,1995.000,0.000,0.000,324.147,1768.472,226.911,0.105,0.000,,,,,0.313,0.000,210.101,114.046
5052527,,,07/01/2018,12:00:00AM,1966.000,0.000,1445.000,71.566,1422.160,544.332,0.105,0.000,,,,,1046.745,398.827,29.847,41.719
5052614,,,07/01/2018,12:00:00AM,43.000,0.000,2.000,0.011,28.955,14.307,0.111,0.000,,,,,1.797,1.094,0.011,0.000
5052615,,,07/01/2018,12:00:00AM,651.000,0.000,543.000,13.589,513.962,137.075,0.110,0.000,,,,,481.077,62.695,5.524,8.065
5052616,,,07/01/2018,12:00:00AM,2129.000,0.000,1220.000,314.028,1775.294,353.907,0.111,0.000,,,,,1165.030,55.875,97.292,216.736
5052617,,,07/01/2018,12:00:00AM,1065.000,0.000,785.000,115.448,920.825,144.788,0.110,0.000,,,,,738.173,47.405,25.543,89.905
5052668,,,07/01/2018,12:00:00AM,1821.000,0.000,899.000,61.506,1466.816,354.187,0.076,0.000,,,,,823.392,76.419,10.107,51.399
5052670,,,07/01/2018,12:00:00AM,1296.000,0.000,617.000,168.030,1119.851,176.475,0.076,0.000,,,,,595.587,21.946,48.166,119.864
5052671,,,07/01/2018,12:00:00AM,1081.000,0.000,578.000,100.818,905.785,175.712,0.076,0.000,,,,,569.305,9.063,36.150,64.668
5052672,,,07/01/2018,12:00:00AM,724.000,0.000,746.000,50.381,646.921,77.520,0.076,0.000,,,,,712.911,33.934,17.597,32.784
5052673,,,07/01/2018,12:00:00AM,1152.000,0.000,893.000,0.009,1081.259,71.549,0.076,0.000,,,,,858.122,34.911,0.009,0.000
5052674,,,07/01/2018,12:00:00AM,1450.000,0.000,949.000,83.810,1248.760,201.267,0.077,0.000,,,,,905.581,44.404,26.218,57.592
5052675,,,07/01/2018,12:00:00AM,798.000,0.000,601.000,0.030,675.494,123.347,0.076,0.000,,,,,535.568,66.223,0.030,0.000
5052676,,,07/01/2018,12:00:00AM,1853.000,0.000,1337.000,235.266,1566.440,286.597,0.076,0.000,,,,,1202.653,134.767,59.955,175.311
5052677,,,07/01/2018,12:00:00AM,1193.000,0.000,720.000,20.376,968.929,224.712,0.076,0.000,,,,,656.199,64.491,5.936,14.440
5052678,,,07/01/2018,12:00:00AM,83.000,0.000,3.000,0.010,58.129,25.339,0.076,0.000,,,,,3.716,0.005,0.010,0.000
5052679,,,07/01/2018,12:00:00AM,2212.000,0.000,1763.000,115.650,1864.268,348.459,0.076,0.000,,,,,1642.609,120.564,35.749,79.901
5052680,,,07/01/2018,12:00:00AM,900.000,0.000,463.000,204.604,715.816,184.567,0.076,0.000,,,,,452.583,11.200,63.952,140.652
5052681,,,07/01/2018,12:00:00AM,686.000,0.000,247.000,172.550,499.896,186.790,0.054,0.000,,,,,237.168,9.960,74.707,97.843
5052682,,,07/01/2018,12:00:00AM,2584.000,0.000,884.000,250.735,1981.968,602.745,0.075,0.000,,,,,835.803,48.880,68.700,182.035
5052683,,,07/01/2018,12:00:00AM,2500.000,0.000,983.000,346.349,2053.889,446.603,0.076,0.000,,,,,981.635,1.923,93.009,253.340
5052684,,,07/01/2018,12:00:00AM,101.000,0.000,27.000,42.844,81.062,20.149,0.076,0.000,,,,,27.849,0.000,21.147,21.697
5052685,,,07/01/2018,12:00:00AM,743.000,0.000,311.000,216.897,548.569,195.392,0.076,0.000,,,,,311.905,0.000,95.567,121.330
5052686,,,07/01/2018,12:00:00AM,1339.000,0.000,701.000,169.137,1196.679,143.195,0.076,0.000,,,,,690.725,10.929,45.595,123.542
5052687,,,07/01/2018,12:00:00AM,1938.000,0.000,1166.000,104.250,1495.478,443.268,0.076,0.000,,,,,1023.274,143.163,26.542,77.708
5052700,,,07/01/2018,12:00:00AM,12.000,0.000,0.000,0.009,12.459,0.000,0.064,0.000,,,,,0.393,0.000,0.009,0.000
5052701,,,07/01/2018,12:00:00AM,12.000,0.000,1.000,0.001,12.976,0.005,0.064,0.000,,,,,1.136,0.010,0.000,0.001
5052702,,,07/01/2018,12:00:00AM,1082.000,0.000,732.000,33.452,854.826,228.138,0.064,0.000,,,,,658.068,74.662,12.166,21.286
5052704,,,07/01/2018,12:00:00AM,578.000,0.000,240.000,32.215,434.952,143.131,0.064,0.000,,,,,225.666,15.016,12.802,19.413
5052706,,,07/01/2018,12:00:00AM,1461.000,0.000,855.000,32.934,1226.131,235.202,0.064,0.000,,,,,776.081,79.331,10.583,22.351
5052707,,,07/01/2018,12:00:00AM,1534.000,0.000,1717.000,28.361,1369.719,164.938,0.064,0.000,,,,,1649.310,67.697,8.091,20.270
5052708,,,07/01/2018,12:00:00AM,1441.000,0.000,1082.000,40.209,1161.786,279.916,0.066,0.000,,,,,1038.930,43.302,12.670,27.539
5052709,,,07/01/2018,12:00:00AM,1804.000,0.000,1255.000,92.676,1499.012,305.643,0.066,0.000,,,,,1184.293,71.694,18.693,73.983
5052710,,,07/01/2018,12:00:00AM,2548.000,0.000,1846.000,176.742,2147.257,401.472,0.067,0.000,,,,,1756.325,89.974,54.482,122.260
5052711,,,07/01/2018,12:00:00AM,1679.000,0.000,885.000,122.274,1265.308,414.168,0.066,0.000,,,,,870.321,15.140,41.817,80.457
5052712,,,07/01/2018,12:00:00AM,867.000,0.000,124.000,51.224,553.733,314.052,0.067,0.000,,,,,115.396,8.945,28.151,23.073
5052713,,,07/01/2018,12:00:00AM,1965.000,0.000,734.000,321.245,1679.676,285.644,0.066,0.000,,,,,673.603,60.649,145.568,175.677
5052714,,,07/01/2018,12:00:00AM,620.000,0.000,198.000,23.210,531.719,88.501,0.067,0.000,,,,,188.559,9.662,15.080,8.130
5052715,,,07/01/2018,12:00:00AM,496.000,0.000,272.000,7.859,389.718,106.760,0.066,0.000,,,,,221.141,51.422,3.362,4.497
5052716,,,07/01/2018,12:00:00AM,406.000,0.000,195.000,35.587,292.717,113.449,0.066,0.000,,,,,194.722,0.604,16.708,18.879
5052718,,,07/01/2018,12:00:00AM,1808.000,0.000,1118.000,87.815,1516.848,291.603,0.066,0.000,,,,,1056.796,61.611,22.489,65.326
5052719,,,07/01/2018,12:00:00AM,1459.000,0.000,851.000,6.405,1144.427,315.510,0.066,0.000,,,,,791.502,59.685,2.325,4.080
5052720,,,07/01/2018,12:00:00AM,1652.000,0.000,1151.000,5.673,1364.542,287.854,0.066,0.000,,,,,1037.227,113.807,1.712,3.961
5052721,,,07/01/2018,12:00:00AM,657.000,0.000,238.000,20.255,520.908,136.450,0.066,0.000,,,,,195.520,42.573,12.962,7.293
5052722,,,07/01/2018,12:00:00AM,1574.000,0.000,1382.000,49.699,1414.379,159.839,0.066,0.000,,,,,1267.156,115.578,12.090,37.609
5052723,,,07/01/2018,12:00:00AM,1434.000,0.000,398.000,243.392,1189.937,245.014,0.066,0.000,,,,,361.003,37.681,112.864,130.528
5052724,,,07/01/2018,12:00:00AM,1212.000,0.000,202.000,241.581,884.682,327.860,0.066,0.000,,,,,162.995,39.861,135.824,105.757
5052725,,,07/01/2018,12:00:00AM,1640.000,0.000,880.000,0.901,1320.294,319.801,0.066,0.000,,,,,851.726,28.351,0.388,0.513
5052726,,,07/01/2018,12:00:00AM,70.000,0.000,4.000,0.002,44.693,25.607,0.066,0.000,,,,,4.600,0.001,0.002,0.000
5052727,,,07/01/2018,12:00:00AM,479.000,0.000,320.000,31.909,406.413,72.875,0.066,0.000,,,,,285.175,34.948,14.420,17.489
5052728,,,07/01/2018,12:00:00AM,62.000,0.000,21.000,1.226,46.180,16.727,0.075,0.000,,,,,20.344,0.903,0.600,0.626
5052729,,,07/01/2018,12:00:00AM,54.000,0.000,31.000,0.001,32.712,21.486,0.076,0.000,,,,,15.447,15.726,0.001,0.000
5052730,,,07/01/2018,12:00:00AM,295.000,0.000,92.000,101.917,182.562,113.354,0.076,0.000,,,,,70.291,22.408,49.728,52.189
5052731,,,07/01/2018,12:00:00AM,3325.000,0.000,2427.000,293.285,2820.986,504.087,0.076,0.000,,,,,2272.100,155.376,94.292,198.993
5052732,,,07/01/2018,12:00:00AM,773.000,0.000,584.000,84.634,687.471,85.800,0.076,0.000,,,,,580.478,4.494,29.370,55.264
5052733,,,07/01/2018,12:00:00AM,1174.000,0.000,832.000,62.951,984.105,190.066,0.076,0.000,,,,,770.144,62.222,19.996,42.955
5052734,,,07/01/2018,12:00:00AM,944.000,0.000,660.000,85.493,883.175,61.456,0.076,0.000,,,,,660.286,0.140,31.265,54.228
5052735,,,07/01/2018,12:00:00AM,1064.000,0.000,802.000,0.358,919.108,145.286,0.076,0.000,,,,,733.966,68.249,0.091,0.267
5052736,,,07/01/2018,12:00:00AM,2144.000,0.000,1741.000,31.173,1837.133,307.695,0.076,0.000,,,,,1661.845,79.295,8.428,22.745
5052737,,,07/01/2018,12:00:00AM,1298.000,0.000,259.000,132.435,1107.643,190.504,0.076,0.000,,,,,239.652,19.481,64.137,68.298
5052738,,,07/01/2018,12:00:00AM,4351.000,0.000,0.000,468.183,2309.962,2041.526,0.076,0.000,,,,,0.301,0.000,217.042,251.141
5052739,,,07/01/2018,12:00:00AM,1863.000,0.000,1166.000,123.558,1561.225,301.832,0.076,0.000,,,,,999.306,166.972,23.055,100.503
5052740,,,07/01/2018,12:00:00AM,2075.000,0.000,974.000,401.329,1736.940,338.502,0.076,0.000,,,,,937.791,36.602,159.355,241.974
5052741,,,07/01/2018,12:00:00AM,617.000,0.000,452.000,77.306,526.008,91.137,0.076,0.000,,,,,432.353,20.613,28.945,48.361
5052742,,,07/01/2018,12:00:00AM,863.000,0.000,514.000,131.140,729.785,134.170,0.076,0.000,,,,,497.620,16.683,43.398,87.742
5052743,,,07/01/2018,12:00:00AM,1899.000,0.000,1220.000,33.701,1449.410,449.968,0.076,0.000,,,,,1104.137,116.423,11.303,22.398
5052744,,,07/01/2018,12:00:00AM,203.000,0.000,50.000,21.478,113.256,90.495,0.076,0.000,,,,,29.778,20.470,10.461,11.017
5052745,,,07/01/2018,12:00:00AM,174.000,0.000,31.000,5.380,100.589,74.400,0.076,0.000,,,,,24.191,7.308,2.702,2.678
5052746,,,07/01/2018,12:00:00AM,1055.000,0.000,896.000,6.991,1016.155,39.649,0.076,0.000,,,,,891.687,5.072,2.456,4.535
5052747,,,07/01/2018,12:00:00AM,90.000,0.000,69.000,0.051,75.993,14.677,0.076,0.000,,,,,68.812,0.466,0.051,0.000
5052748,,,07/01/2018,12:00:00AM,634.000,0.000,742.000,0.000,557.411,77.528,0.070,0.000,,,,,661.493,80.573,0.000,0.000
5052749,,,07/01/2018,12:00:00AM,1101.000,0.000,609.000,146.703,874.048,227.915,0.069,0.000,,,,,568.397,40.675,50.845,95.858
5052750,,,07/01/2018,12:00:00AM,4014.000,0.000,1729.000,235.559,2838.600,1175.868,0.069,0.000,,,,,1545.978,183.291,76.432,159.127
5052751,,,07/01/2018,12:00:00AM,1124.000,0.000,624.000,38.038,837.652,286.652,0.070,0.000,,,,,546.864,77.400,14.375,23.663
5052752,,,07/01/2018,12:00:00AM,2011.000,0.000,1140.000,29.735,1633.509,377.793,0.070,0.000,,,,,1076.695,63.640,7.446,22.289
5052753,,,07/01/2018,12:00:00AM,33.000,0.000,2.000,0.001,22.940,10.934,0.070,0.000,,,,,1.772,0.359,0.001,0.000
5052754,,,07/01/2018,12:00:00AM,1019.000,0.000,607.000,33.427,871.392,148.018,0.069,0.000,,,,,586.408,20.607,11.606,21.821
5052755,,,07/01/2018,12:00:00AM,1629.000,0.000,1087.000,316.757,1382.681,246.530,0.070,0.000,,,,,1030.651,56.857,95.486,221.271
5052769,,,07/01/2018,12:00:00AM,288.000,0.000,307.000,9.282,240.143,48.725,0.068,0.000,,,,,299.766,7.349,3.164,6.118
5052806,,,07/01/2018,12:00:00AM,551.000,0.000,681.000,19.706,453.386,97.720,0.073,0.000,,,,,627.229,54.331,7.114,12.592
5052813,,,07/01/2018,12:00:00AM,265.000,0.000,145.000,115.066,179.455,85.964,0.060,0.000,,,,,131.182,14.054,52.827,62.239
5052814,,,07/01/2018,12:00:00AM,612.000,0.000,8.000,231.790,295.748,317.223,0.060,0.000,,,,,6.829,1.534,113.883,117.907
5052820,,,07/01/2018,12:00:00AM,221.000,0.000,185.000,43.430,165.871,55.184,0.060,0.000,,,,,146.483,39.167,21.188,22.242
5052822,,,07/01/2018,12:00:00AM,144.000,0.000,102.000,20.799,108.761,35.826,0.060,0.000,,,,,80.947,21.342,9.021,11.778
5052824,,,07/01/2018,12:00:00AM,390.000,0.000,234.000,13.323,260.314,130.182,0.060,0.000,,,,,169.575,64.712,6.247,7.076
5052825,,,07/01/2018,12:00:00AM,186.000,0.000,119.000,10.755,160.423,26.343,0.060,0.000,,,,,118.905,0.726,5.090,5.665
5052826,,,07/01/2018,12:00:00AM,20.000,0.000,1.000,10.880,16.610,4.367,0.060,0.000,,,,,1.281,0.000,5.461,5.419
5052827,,,07/01/2018,12:00:00AM,386.000,0.000,407.000,45.850,332.594,54.221,0.060,0.000,,,,,381.727,25.754,13.208,32.642
5052836,,,07/01/2018,12:00:00AM,656.000,0.000,587.000,0.119,522.490,133.754,0.090,0.000,,,,,452.602,134.968,0.083,0.036
5052837,,,07/01/2018,12:00:00AM,689.000,0.000,528.000,66.412,585.775,103.239,0.090,0.000,,,,,517.418,11.533,23.801,42.611
5052838,,,07/01/2018,12:00:00AM,1682.000,0.000,416.000,91.223,1106.880,575.908,0.090,0.000,,,,,366.407,49.935,26.514,64.709
5052839,,,07/01/2018,12:00:00AM,1192.000,0.000,1062.000,17.400,1009.888,183.075,0.090,0.000,,,,,974.879,88.028,5.949,11.451
5052840,,,07/01/2018,12:00:00AM,849.000,0.000,924.000,0.122,691.522,158.249,0.090,0.000,,,,,780.535,143.994,0.040,0.082
5052841,,,07/01/2018,12:00:00AM,425.000,0.000,304.000,6.555,307.066,117.968,0.091,0.000,,,,,226.050,78.885,3.370,3.185
5052842,,,07/01/2018,12:00:00AM,1470.000,0.000,831.000,27.961,1188.229,282.349,0.091,0.000,,,,,788.335,42.775,8.016,19.945
5052843,,,07/01/2018,12:00:00AM,1446.000,0.000,1305.000,48.848,1203.490,243.321,0.090,0.000,,,,,1205.728,99.945,12.693,36.155
5052844,,,07/01/2018,12:00:00AM,67.000,0.000,4.000,42.680,43.034,24.676,0.090,0.000,,,,,4.191,0.197,21.522,21.158
5052845,,,07/01/2018,12:00:00AM,2661.000,0.000,1254.000,6.306,2233.803,427.534,0.091,0.000,,,,,1167.636,86.611,1.672,4.634
5052846,,,07/01/2018,12:00:00AM,76.000,0.000,52.000,12.155,65.148,11.291,0.090,0.000,,,,,41.685,10.396,5.849,6.306
5052847,,,07/01/2018,12:00:00AM,920.000,0.000,103.000,60.712,631.640,288.720,0.090,0.000,,,,,95.127,8.017,19.571,41.141
5052850,,,07/01/2018,12:00:00AM,401.000,0.000,2.000,364.568,267.924,133.652,0.052,0.000,,,,,2.476,0.040,182.935,181.633
5052853,,,07/01/2018,12:00:00AM,16199.000,0.000,7702.000,0.000,11195.772,5003.303,0.052,0.000,,,,,4889.674,2813.018,0.000,0.000
5052854,,,07/01/2018,12:00:00AM,1167.000,0.000,865.000,0.122,981.855,185.511,0.053,0.000,,,,,781.333,84.098,0.050,0.072
5052855,,,07/01/2018,12:00:00AM,1160.000,0.000,958.000,0.001,1127.000,33.315,0.053,0.000,,,,,933.323,24.717,0.001,0.000
5052856,,,07/01/2018,12:00:00AM,678.000,0.000,23.000,48.715,237.936,440.788,0.053,0.000,,,,,18.983,4.768,19.566,29.149
5052857,,,07/01/2018,12:00:00AM,515.000,0.000,18.000,287.683,285.137,230.379,0.052,0.000,,,,,10.791,7.718,144.425,143.258
5052858,,,07/01/2018,12:00:00AM,1200.000,0.000,388.000,12.193,486.999,713.280,0.052,0.000,,,,,216.821,171.546,7.149,5.044
5052860,,,07/01/2018,12:00:00AM,320.000,0.000,25.000,58.263,151.116,169.258,0.053,0.000,,,,,15.860,9.504,32.209,26.054
5052863,,,07/01/2018,12:00:00AM,387.000,0.000,3.000,383.297,223.637,163.454,0.052,0.000,,,,,3.024,0.138,189.064,194.233
5052864,,,07/01/2018,12:00:00AM,305.000,0.000,5.000,85.169,201.553,104.303,0.053,0.000,,,,,2.294,3.086,47.526,37.643
5052866,,,07/01/2018,12:00:00AM,758.000,0.000,179.000,2.941,468.611,290.233,0.053,0.000,,,,,86.790,92.282,1.936,1.005
5052868,,,07/01/2018,12:00:00AM,1013.000,0.000,844.000,22.042,736.115,277.565,0.042,0.000,,,,,613.417,231.368,7.709,14.333
5052869,,,07/01/2018,12:00:00AM,140.000,0.000,6.000,117.769,89.515,51.237,0.042,0.000,,,,,6.251,0.350,56.609,61.160
5052870,,,07/01/2018,12:00:00AM,106.000,0.000,30.000,32.740,70.178,36.374,0.042,0.000,,,,,15.609,14.521,17.150,15.590
5052871,,,07/01/2018,12:00:00AM,1255.000,0.000,1097.000,0.004,815.167,440.257,0.042,0.000,,,,,819.252,278.013,0.004,0.000
5052872,,,07/01/2018,12:00:00AM,156.000,0.000,10.000,344.015,91.500,64.906,0.042,0.000,,,,,10.882,0.000,170.546,173.469
5052873,,,07/01/2018,12:00:00AM,292.000,0.000,220.000,1.430,211.573,81.370,0.042,0.000,,,,,165.783,54.253,0.614,0.816
5052874,,,07/01/2018,12:00:00AM,11.000,0.000,1.000,0.001,11.738,0.000,0.042,0.000,,,,,1.159,0.000,0.001,0.000
5052875,,,07/01/2018,12:00:00AM,920.000,0.000,180.000,31.448,514.652,405.897,0.042,0.000,,,,,128.473,51.777,9.489,21.959
5052877,,,07/01/2018,12:00:00AM,1101.000,0.000,58.000,26.869,626.284,475.458,0.042,0.000,,,,,13.743,44.756,16.175,10.694
5052878,,,07/01/2018,12:00:00AM,425.000,0.000,6.000,26.474,274.965,150.772,0.042,0.000,,,,,3.747,3.140,13.640,12.834
5052885,,,07/01/2018,12:00:00AM,464.000,0.000,15.000,8.488,153.127,311.008,0.042,0.000,,,,,7.643,7.946,4.946,3.542
5052892,,,07/01/2018,12:00:00AM,895.000,0.000,49.000,135.378,511.520,384.427,0.055,0.000,,,,,22.727,26.395,76.179,59.199
5052915,,,07/01/2018,12:00:00AM,72.000,0.000,64.000,6.554,42.376,29.632,0.050,0.000,,,,,32.307,31.832,3.261,3.293
5052922,,,07/01/2018,12:00:00AM,571.000,0.000,41.000,5.914,304.626,266.899,0.050,0.000,,,,,16.788,24.711,4.707,1.207
5052925,,,07/01/2018,12:00:00AM,253.000,0.000,106.000,0.195,108.459,144.639,0.050,0.000,,,,,57.528,49.431,0.147,0.048
5052928,,,07/01/2018,12:00:00AM,1675.000,0.000,355.000,1.447,813.753,861.642,0.057,0.000,,,,,177.116,178.066,0.702,0.745
5052937,,,07/01/2018,12:00:00AM,896.000,0.000,0.000,125.576,407.228,489.487,0.057,0.000,,,,,0.663,0.003,63.392,62.184
5052941,,,07/01/2018,12:00:00AM,342.000,0.000,168.000,5.937,271.398,71.595,0.057,0.000,,,,,87.070,81.224,3.165,2.772
5052993,,,07/01/2018,12:00:00AM,2532.000,0.000,1550.000,295.337,2014.086,518.447,0.048,0.000,,,,,1469.252,81.613,60.098,235.239
5053010,,,07/01/2018,12:00:00AM,1280.000,0.000,793.000,117.963,1012.716,267.857,0.066,0.000,,,,,767.121,26.093,37.438,80.525
5053012,,,07/01/2018,12:00:00AM,856.000,0.000,834.000,13.562,686.988,169.520,0.066,0.000,,,,,758.981,75.814,4.811,8.751
5053015,,,07/01/2018,12:00:00AM,527.000,0.000,328.000,42.916,444.721,82.421,0.066,0.000,,,,,324.415,4.121,15.771,27.145
5053016,,,07/01/2018,12:00:00AM,538.000,0.000,269.000,69.521,474.480,63.968,0.066,0.000,,,,,266.376,3.371,17.939,51.582
5053018,,,07/01/2018,12:00:00AM,122.000,0.000,83.000,8.680,93.839,28.197,0.066,0.000,,,,,77.696,5.668,4.046,4.634
5053019,,,07/01/2018,12:00:00AM,97.000,0.000,12.000,89.106,72.187,25.312,0.066,0.000,,,,,12.719,0.000,44.428,44.678
5053020,,,07/01/2018,12:00:00AM,231.000,0.000,104.000,4.409,135.339,95.719,0.066,0.000,,,,,63.615,41.167,2.128,2.281
5053021,,,07/01/2018,12:00:00AM,354.000,0.000,69.000,78.497,225.914,128.940,0.066,0.000,,,,,53.542,15.874,35.295,43.202
5053022,,,07/01/2018,12:00:00AM,1494.000,0.000,1068.000,22.782,1264.234,229.867,0.067,0.000,,,,,946.717,121.794,6.097,16.685
5053023,,,07/01/2018,12:00:00AM,378.000,0.000,327.000,11.662,370.651,8.305,0.066,0.000,,,,,325.149,2.461,3.757,7.905
5053024,,,07/01/2018,12:00:00AM,43.000,0.000,0.000,5.231,32.755,10.600,0.066,0.000,,,,,0.543,0.000,2.656,2.575
5053025,,,07/01/2018,12:00:00AM,245.000,0.000,279.000,94.366,220.226,25.240,0.066,0.000,,,,,263.325,16.327,27.809,66.557
5053026,,,07/01/2018,12:00:00AM,85.000,0.000,5.000,0.283,54.987,30.835,0.066,0.000,,,,,4.599,0.509,0.188,0.095
5053027,,,07/01/2018,12:00:00AM,891.000,0.000,864.000,0.023,747.169,144.222,0.066,0.000,,,,,777.680,86.519,0.023,0.000
5053028,,,07/01/2018,12:00:00AM,252.000,0.000,1.000,104.355,219.680,33.020,0.066,0.000,,,,,1.237,0.112,62.714,41.641
5053029,,,07/01/2018,12:00:00AM,3213.000,0.000,666.000,412.301,2059.920,1153.619,0.066,0.000,,,,,600.412,66.107,102.601,309.700
5053030,,,07/01/2018,12:00:00AM,355.000,0.000,222.000,1.051,237.843,117.975,0.052,0.000,,,,,128.712,93.496,1.033,0.018
5053031,,,07/01/2018,12:00:00AM,657.000,0.000,463.000,25.854,583.627,74.347,0.052,0.000,,,,,452.096,11.510,7.840,18.014
5053032,,,07/01/2018,12:00:00AM,46.000,0.000,3.000,23.712,38.533,7.556,0.052,0.000,,,,,3.490,0.000,11.586,12.126
5053033,,,07/01/2018,12:00:00AM,300.000,0.000,176.000,0.072,177.052,123.326,0.052,0.000,,,,,107.223,69.059,0.072,0.000
5053034,,,07/01/2018,12:00:00AM,937.000,0.000,633.000,2.108,829.809,108.067,0.052,0.000,,,,,574.749,59.230,0.700,1.408
5053035,,,07/01/2018,12:00:00AM,849.000,0.000,509.000,16.655,669.929,179.871,0.052,0.000,,,,,462.681,46.700,4.930,11.725
5053036,,,07/01/2018,12:00:00AM,525.000,0.000,227.000,0.010,345.191,180.656,0.052,0.000,,,,,124.452,102.606,0.010,0.000
5053037,,,07/01/2018,12:00:00AM,344.000,0.000,263.000,37.369,259.388,85.150,0.052,0.000,,,,,252.710,10.839,12.615,24.754
5053038,,,07/01/2018,12:00:00AM,3115.000,0.000,423.000,244.220,2353.531,762.184,0.052,0.000,,,,,383.911,39.244,107.317,136.903
5053039,,,07/01/2018,12:00:00AM,432.000,0.000,21.000,208.928,313.733,119.157,0.052,0.000,,,,,21.720,0.278,109.013,99.915
5053040,,,07/01/2018,12:00:00AM,931.000,0.000,4.000,1207.807,683.451,248.448,0.052,0.000,,,,,4.851,0.000,574.440,633.367
5053041,,,07/01/2018,12:00:00AM,295.000,0.000,115.000,9.459,241.357,53.825,0.052,0.000,,,,,76.282,39.319,6.534,2.925
5053042,,,07/01/2018,12:00:00AM,278.000,0.000,140.000,53.489,217.214,61.262,0.053,0.000,,,,,133.932,6.773,23.896,29.593
5053043,,,07/01/2018,12:00:00AM,18.000,0.000,13.000,0.001,17.989,0.153,0.052,0.000,,,,,9.786,3.334,0.001,0.000
5053046,,,07/01/2018,12:00:00AM,510.000,0.000,35.000,52.695,376.028,134.086,0.052,0.000,,,,,14.161,21.637,38.461,14.234
5053120,,,07/01/2018,12:00:00AM,461.000,0.000,4.000,155.823,136.760,325.146,0.057,0.000,,,,,1.701,2.695,77.730,78.093
5053127,,,07/01/2018,12:00:00AM,876.000,0.000,625.000,11.972,714.286,162.302,0.057,0.000,,,,,567.607,58.215,5.469,6.503
5053260,,,07/01/2018,12:00:00AM,735.000,0.000,709.000,18.548,637.268,98.358,0.111,0.000,,,,,681.482,27.897,6.328,12.220
5053262,,,07/01/2018,12:00:00AM,429.000,0.000,264.000,44.909,410.974,18.779,0.111,0.000,,,,,264.479,0.192,15.335,29.574
5053263,,,07/01/2018,12:00:00AM,2303.000,0.000,2535.000,32.885,2061.668,241.772,0.111,0.000,,,,,2426.034,109.503,7.022,25.863
5053264,,,07/01/2018,12:00:00AM,633.000,0.000,549.000,3.324,566.674,66.914,0.111,0.000,,,,,538.924,10.656,1.091,2.233
5053265,,,07/01/2018,12:00:00AM,1597.000,0.000,344.000,68.954,1249.279,348.335,0.111,0.000,,,,,331.804,12.960,39.127,29.827
5053268,,,07/01/2018,12:00:00AM,156.000,0.000,1.000,203.181,113.257,43.255,0.111,0.000,,,,,1.530,0.000,106.042,97.139
5053269,,,07/01/2018,12:00:00AM,418.000,0.000,282.000,0.440,360.650,58.209,0.111,0.000,,,,,267.113,15.458,0.201,0.239
5053331,,,07/01/2018,12:00:00AM,508.000,1.000,402.000,11.713,403.607,105.247,0.720,0.000,,,,,389.260,13.045,4.487,7.226
5053332,,,07/01/2018,12:00:00AM,191.000,1.000,0.000,291.045,166.313,24.981,0.721,0.000,,,,,0.322,0.000,152.899,138.146
5053333,,,07/01/2018,12:00:00AM,1502.000,1.000,10.000,35.995,1382.768,120.010,0.719,0.000,,,,,9.310,1.175,11.037,24.958
5053334,,,07/01/2018,12:00:00AM,6078.000,1.000,2682.000,0.008,2273.930,3804.173,0.718,0.000,,,,,1058.905,1623.754,0.008,0.000
5053335,,,07/01/2018,12:00:00AM,908.000,1.000,148.000,12.523,851.672,57.203,0.722,0.000,,,,,97.917,50.617,11.084,1.439
5053336,,,07/01/2018,12:00:00AM,751.000,1.000,276.000,349.836,493.878,257.293,0.719,0.000,,,,,253.411,23.154,147.634,202.202
5053337,,,07/01/2018,12:00:00AM,75.000,1.000,6.000,0.279,44.849,30.251,0.718,0.000,,,,,5.784,0.564,0.267,0.012
5053338,,,07/01/2018,12:00:00AM,199.000,1.000,29.000,8.097,144.111,55.799,0.724,0.000,,,,,24.388,4.793,5.971,2.126
5053339,,,07/01/2018,12:00:00AM,505.000,1.000,482.000,0.649,368.978,136.500,0.720,0.000,,,,,340.934,141.433,0.267,0.382
5053340,,,07/01/2018,12:00:00AM,1025.000,1.000,702.000,103.811,814.334,210.881,0.721,0.000,,,,,639.123,63.763,26.040,77.771
5053341,,,07/01/2018,12:00:00AM,2436.000,1.000,1060.000,27.869,2123.204,313.677,0.719,0.000,,,,,969.084,91.081,6.765,21.104
5053342,,,07/01/2018,12:00:00AM,458.000,1.000,30.000,96.279,384.277,74.702,0.721,0.000,,,,,30.165,0.000,71.478,24.801
5053343,,,07/01/2018,12:00:00AM,863.000,1.000,31.000,120.466,652.642,211.009,0.719,0.000,,,,,10.420,21.367,97.142,23.324
5053344,,,07/01/2018,12:00:00AM,592.000,1.000,4.000,151.078,496.139,96.175,0.720,0.000,,,,,1.721,3.171,105.067,46.011
5053345,,,07/01/2018,12:00:00AM,788.000,1.000,157.000,126.536,647.770,140.241,0.719,0.000,,,,,145.374,12.337,38.376,88.160
5053346,,,07/01/2018,12:00:00AM,672.000,1.000,106.000,30.349,506.766,165.633,0.719,0.000,,,,,80.833,25.406,22.226,8.123
5053348,,,07/01/2018,12:00:00AM,805.000,1.000,53.000,26.048,479.090,326.727,0.717,0.000,,,,,40.596,13.162,18.050,7.998
5053349,,,07/01/2018,12:00:00AM,373.000,1.000,291.000,26.852,319.324,54.509,0.719,0.000,,,,,284.986,6.755,10.359,16.493
5053352,,,07/01/2018,12:00:00AM,405.000,1.000,367.000,0.195,361.480,43.777,0.721,0.000,,,,,356.722,10.791,0.091,0.104
5053364,,,07/01/2018,12:00:00AM,892.000,1.000,126.000,37.031,803.533,88.575,0.721,0.000,,,,,108.807,17.635,25.731,11.300
5053365,,,07/01/2018,12:00:00AM,356.000,1.000,423.000,19.275,302.726,53.903,0.717,0.000,,,,,399.014,24.812,6.164,13.111
5053429,,,07/01/2018,12:00:00AM,1659.000,0.000,2098.000,32.570,1543.487,116.311,0.170,0.000,,,,,2051.503,47.238,7.933,24.637
5053436,,,07/01/2018,12:00:00AM,5788.000,0.000,0.000,2974.432,3132.959,2655.467,0.076,0.000,,,,,0.533,0.033,1449.903,1524.529
5053439,,,07/01/2018,12:00:00AM,764.000,0.000,489.000,16.913,690.953,73.687,0.076,0.000,,,,,478.719,11.157,4.727,12.186
5053440,,,07/01/2018,12:00:00AM,335.000,0.000,348.000,27.884,312.767,22.361,0.076,0.000,,,,,343.948,4.314,7.091,20.793
5053441,,,07/01/2018,12:00:00AM,1159.000,0.000,771.000,95.950,856.493,303.498,0.077,0.000,,,,,762.599,8.481,30.010,65.940
5053442,,,07/01/2018,12:00:00AM,348.000,0.000,58.000,7.025,315.630,33.156,0.076,0.000,,,,,55.654,3.231,3.391,3.634
5053443,,,07/01/2018,12:00:00AM,686.000,0.000,328.000,13.468,566.795,119.480,0.076,0.000,,,,,269.562,59.429,6.008,7.460
5053444,,,07/01/2018,12:00:00AM,682.000,0.000,356.000,257.590,556.785,125.996,0.076,0.000,,,,,326.345,30.174,83.664,173.926
5053447,,,07/01/2018,12:00:00AM,1063.000,0.000,543.000,151.301,900.500,163.186,0.076,0.000,,,,,539.093,4.526,46.508,104.793
5053448,,,07/01/2018,12:00:00AM,720.000,0.000,582.000,15.359,554.857,165.699,0.076,0.000,,,,,478.066,104.626,4.482,10.877
